0 0.517578125 0.59765625 0.556640625 0.55859375 0.517578125 0.55859375 0.556640625 0.59765625
0 0.396484375 0.751953125 0.435546875 0.712890625 0.396484375 0.712890625 0.435546875 0.751953125
0 0.099609375 0.2109375 0.138671875 0.171875 0.099609375 0.171875 0.138671875 0.2109375
0 0.828125 0.25 0.8671875 0.2109375 0.828125 0.2109375 0.8671875 0.25
0 0.46484375 0.50390625 0.50390625 0.46484375 0.46484375 0.46484375 0.50390625 0.50390625
0 0.677734375 0.76171875 0.716796875 0.72265625 0.677734375 0.72265625 0.716796875 0.76171875
0 0.892578125 0.78125 0.931640625 0.7421875 0.892578125 0.7421875 0.931640625 0.78125
0 0.869140625 0.703125 0.908203125 0.6640625 0.869140625 0.6640625 0.908203125 0.703125
0 0.31640625 0.708984375 0.35546875 0.669921875 0.31640625 0.669921875 0.35546875 0.708984375
0 0.310546875 0.298828125 0.349609375 0.259765625 0.310546875 0.259765625 0.349609375 0.298828125
0 0.146484375 0.373046875 0.185546875 0.333984375 0.146484375 0.333984375 0.185546875 0.373046875
0 0.529296875 0.779296875 0.568359375 0.740234375 0.529296875 0.740234375 0.568359375 0.779296875
0 0.646484375 0.279296875 0.685546875 0.240234375 0.646484375 0.240234375 0.685546875 0.279296875
