0 0.05078125 0.61328125 0.08984375 0.57421875 0.05078125 0.57421875 0.08984375 0.61328125
0 0.779296875 0.455078125 0.818359375 0.416015625 0.779296875 0.416015625 0.818359375 0.455078125
0 0.755859375 0.693359375 0.794921875 0.654296875 0.755859375 0.654296875 0.794921875 0.693359375
0 0.400390625 0.232421875 0.439453125 0.193359375 0.400390625 0.193359375 0.439453125 0.232421875
0 0.62109375 0.333984375 0.66015625 0.294921875 0.62109375 0.294921875 0.66015625 0.333984375
0 0.15234375 0.46484375 0.19140625 0.42578125 0.15234375 0.42578125 0.19140625 0.46484375
0 0.078125 0.64453125 0.1171875 0.60546875 0.078125 0.60546875 0.1171875 0.64453125
0 0.1328125 0.087890625 0.171875 0.048828125 0.1328125 0.048828125 0.171875 0.087890625
0 0.779296875 0.26171875 0.818359375 0.22265625 0.779296875 0.22265625 0.818359375 0.26171875
0 0.908203125 0.77734375 0.947265625 0.73828125 0.908203125 0.73828125 0.947265625 0.77734375
0 0.513671875 0.88671875 0.552734375 0.84765625 0.513671875 0.84765625 0.552734375 0.88671875
0 0.5859375 0.611328125 0.625 0.572265625 0.5859375 0.572265625 0.625 0.611328125
0 0.91015625 0.951171875 0.94921875 0.912109375 0.91015625 0.912109375 0.94921875 0.951171875
