0 0.76953125 0.556640625 0.80859375 0.517578125 0.76953125 0.517578125 0.80859375 0.556640625
0 0.2890625 0.818359375 0.328125 0.779296875 0.2890625 0.779296875 0.328125 0.818359375
0 0.90625 0.546875 0.9453125 0.5078125 0.90625 0.5078125 0.9453125 0.546875
0 0.3203125 0.662109375 0.359375 0.623046875 0.3203125 0.623046875 0.359375 0.662109375
0 0.794921875 0.5859375 0.833984375 0.546875 0.794921875 0.546875 0.833984375 0.5859375
0 0.56640625 0.59765625 0.60546875 0.55859375 0.56640625 0.55859375 0.60546875 0.59765625
0 0.400390625 0.517578125 0.439453125 0.478515625 0.400390625 0.478515625 0.439453125 0.517578125
0 0.849609375 0.548828125 0.888671875 0.509765625 0.849609375 0.509765625 0.888671875 0.548828125
0 0.71484375 0.8359375 0.75390625 0.796875 0.71484375 0.796875 0.75390625 0.8359375
0 0.76953125 0.52734375 0.80859375 0.48828125 0.76953125 0.48828125 0.80859375 0.52734375
0 0.306640625 0.08203125 0.345703125 0.04296875 0.306640625 0.04296875 0.345703125 0.08203125
0 0.611328125 0.435546875 0.650390625 0.396484375 0.611328125 0.396484375 0.650390625 0.435546875
0 0.60546875 0.818359375 0.64453125 0.779296875 0.60546875 0.779296875 0.64453125 0.818359375
