0 0.314453125 0.68359375 0.353515625 0.64453125 0.314453125 0.64453125 0.353515625 0.68359375
0 0.244140625 0.94140625 0.283203125 0.90234375 0.244140625 0.90234375 0.283203125 0.94140625
0 0.49609375 0.146484375 0.53515625 0.107421875 0.49609375 0.107421875 0.53515625 0.146484375
0 0.908203125 0.96484375 0.947265625 0.92578125 0.908203125 0.92578125 0.947265625 0.96484375
0 0.537109375 0.140625 0.576171875 0.1015625 0.537109375 0.1015625 0.576171875 0.140625
0 0.76953125 0.8984375 0.80859375 0.859375 0.76953125 0.859375 0.80859375 0.8984375
0 0.916015625 0.751953125 0.955078125 0.712890625 0.916015625 0.712890625 0.955078125 0.751953125
0 0.373046875 0.24609375 0.412109375 0.20703125 0.373046875 0.20703125 0.412109375 0.24609375
0 0.4140625 0.220703125 0.453125 0.181640625 0.4140625 0.181640625 0.453125 0.220703125
0 0.25390625 0.58984375 0.29296875 0.55078125 0.25390625 0.55078125 0.29296875 0.58984375
0 0.6796875 0.87109375 0.71875 0.83203125 0.6796875 0.83203125 0.71875 0.87109375
0 0.30078125 0.2421875 0.33984375 0.203125 0.30078125 0.203125 0.33984375 0.2421875
0 0.8046875 0.400390625 0.84375 0.361328125 0.8046875 0.361328125 0.84375 0.400390625
0 0.51171875 0.365234375 0.55078125 0.326171875 0.51171875 0.326171875 0.55078125 0.365234375
