0 0.349609375 0.154296875 0.388671875 0.115234375 0.349609375 0.115234375 0.388671875 0.154296875
0 0.556640625 0.310546875 0.595703125 0.271484375 0.556640625 0.271484375 0.595703125 0.310546875
0 0.181640625 0.919921875 0.220703125 0.880859375 0.181640625 0.880859375 0.220703125 0.919921875
0 0.55859375 0.896484375 0.59765625 0.857421875 0.55859375 0.857421875 0.59765625 0.896484375
0 0.658203125 0.2109375 0.697265625 0.171875 0.658203125 0.171875 0.697265625 0.2109375
0 0.392578125 0.845703125 0.431640625 0.806640625 0.392578125 0.806640625 0.431640625 0.845703125
0 0.72265625 0.150390625 0.76171875 0.111328125 0.72265625 0.111328125 0.76171875 0.150390625
0 0.658203125 0.556640625 0.697265625 0.517578125 0.658203125 0.517578125 0.697265625 0.556640625
0 0.86328125 0.73828125 0.90234375 0.69921875 0.86328125 0.69921875 0.90234375 0.73828125
0 0.6015625 0.78125 0.640625 0.7421875 0.6015625 0.7421875 0.640625 0.78125
0 0.205078125 0.40234375 0.244140625 0.36328125 0.205078125 0.36328125 0.244140625 0.40234375
0 0.6796875 0.921875 0.71875 0.8828125 0.6796875 0.8828125 0.71875 0.921875
