0 0.865234375 0.138671875 0.904296875 0.099609375 0.865234375 0.099609375 0.904296875 0.138671875
0 0.439453125 0.21875 0.478515625 0.1796875 0.439453125 0.1796875 0.478515625 0.21875
0 0.666015625 0.896484375 0.705078125 0.857421875 0.666015625 0.857421875 0.705078125 0.896484375
0 0.849609375 0.07421875 0.888671875 0.03515625 0.849609375 0.03515625 0.888671875 0.07421875
0 0.07421875 0.390625 0.11328125 0.3515625 0.07421875 0.3515625 0.11328125 0.390625
0 0.716796875 0.947265625 0.755859375 0.908203125 0.716796875 0.908203125 0.755859375 0.947265625
0 0.56640625 0.478515625 0.60546875 0.439453125 0.56640625 0.439453125 0.60546875 0.478515625
0 0.41015625 0.55859375 0.44921875 0.51953125 0.41015625 0.51953125 0.44921875 0.55859375
0 0.853515625 0.126953125 0.892578125 0.087890625 0.853515625 0.087890625 0.892578125 0.126953125
0 0.80859375 0.59765625 0.84765625 0.55859375 0.80859375 0.55859375 0.84765625 0.59765625
0 0.123046875 0.81640625 0.162109375 0.77734375 0.123046875 0.77734375 0.162109375 0.81640625
