0 0.1796875 0.376953125 0.21875 0.337890625 0.1796875 0.337890625 0.21875 0.376953125
0 0.69140625 0.74609375 0.73046875 0.70703125 0.69140625 0.70703125 0.73046875 0.74609375
0 0.31640625 0.521484375 0.35546875 0.482421875 0.31640625 0.482421875 0.35546875 0.521484375
0 0.71484375 0.150390625 0.75390625 0.111328125 0.71484375 0.111328125 0.75390625 0.150390625
0 0.619140625 0.69921875 0.658203125 0.66015625 0.619140625 0.66015625 0.658203125 0.69921875
0 0.17578125 0.896484375 0.21484375 0.857421875 0.17578125 0.857421875 0.21484375 0.896484375
0 0.642578125 0.650390625 0.681640625 0.611328125 0.642578125 0.611328125 0.681640625 0.650390625
0 0.572265625 0.744140625 0.611328125 0.705078125 0.572265625 0.705078125 0.611328125 0.744140625
0 0.3984375 0.55078125 0.4375 0.51171875 0.3984375 0.51171875 0.4375 0.55078125
0 0.384765625 0.72265625 0.423828125 0.68359375 0.384765625 0.68359375 0.423828125 0.72265625
0 0.435546875 0.228515625 0.474609375 0.189453125 0.435546875 0.189453125 0.474609375 0.228515625
0 0.736328125 0.939453125 0.775390625 0.900390625 0.736328125 0.900390625 0.775390625 0.939453125
