0 0.5625 0.544921875 0.6015625 0.505859375 0.5625 0.505859375 0.6015625 0.544921875
0 0.796875 0.544921875 0.8359375 0.505859375 0.796875 0.505859375 0.8359375 0.544921875
0 0.27734375 0.384765625 0.31640625 0.345703125 0.27734375 0.345703125 0.31640625 0.384765625
0 0.458984375 0.78125 0.498046875 0.7421875 0.458984375 0.7421875 0.498046875 0.78125
0 0.6796875 0.283203125 0.71875 0.244140625 0.6796875 0.244140625 0.71875 0.283203125
0 0.08203125 0.146484375 0.12109375 0.107421875 0.08203125 0.107421875 0.12109375 0.146484375
0 0.173828125 0.716796875 0.212890625 0.677734375 0.173828125 0.677734375 0.212890625 0.716796875
0 0.904296875 0.505859375 0.943359375 0.466796875 0.904296875 0.466796875 0.943359375 0.505859375
0 0.7421875 0.919921875 0.78125 0.880859375 0.7421875 0.880859375 0.78125 0.919921875
0 0.517578125 0.455078125 0.556640625 0.416015625 0.517578125 0.416015625 0.556640625 0.455078125
0 0.681640625 0.1171875 0.720703125 0.078125 0.681640625 0.078125 0.720703125 0.1171875
