0 0.076171875 0.669921875 0.115234375 0.630859375 0.076171875 0.630859375 0.115234375 0.669921875
0 0.62109375 0.138671875 0.66015625 0.099609375 0.62109375 0.099609375 0.66015625 0.138671875
0 0.869140625 0.390625 0.908203125 0.3515625 0.869140625 0.3515625 0.908203125 0.390625
0 0.568359375 0.578125 0.607421875 0.5390625 0.568359375 0.5390625 0.607421875 0.578125
0 0.390625 0.1171875 0.4296875 0.078125 0.390625 0.078125 0.4296875 0.1171875
0 0.728515625 0.548828125 0.767578125 0.509765625 0.728515625 0.509765625 0.767578125 0.548828125
0 0.71875 0.521484375 0.7578125 0.482421875 0.71875 0.482421875 0.7578125 0.521484375
0 0.728515625 0.59765625 0.767578125 0.55859375 0.728515625 0.55859375 0.767578125 0.59765625
0 0.509765625 0.40234375 0.548828125 0.36328125 0.509765625 0.36328125 0.548828125 0.40234375
0 0.3828125 0.830078125 0.421875 0.791015625 0.3828125 0.791015625 0.421875 0.830078125
0 0.294921875 0.482421875 0.333984375 0.443359375 0.294921875 0.443359375 0.333984375 0.482421875
0 0.86328125 0.50390625 0.90234375 0.46484375 0.86328125 0.46484375 0.90234375 0.50390625
0 0.869140625 0.255859375 0.908203125 0.216796875 0.869140625 0.216796875 0.908203125 0.255859375
