0 0.30078125 0.853515625 0.33984375 0.814453125 0.30078125 0.814453125 0.33984375 0.853515625
0 0.16796875 0.783203125 0.20703125 0.744140625 0.16796875 0.744140625 0.20703125 0.783203125
0 0.173828125 0.1484375 0.212890625 0.109375 0.173828125 0.109375 0.212890625 0.1484375
0 0.6875 0.84375 0.7265625 0.8046875 0.6875 0.8046875 0.7265625 0.84375
0 0.890625 0.91796875 0.9296875 0.87890625 0.890625 0.87890625 0.9296875 0.91796875
0 0.87109375 0.333984375 0.91015625 0.294921875 0.87109375 0.294921875 0.91015625 0.333984375
0 0.892578125 0.609375 0.931640625 0.5703125 0.892578125 0.5703125 0.931640625 0.609375
0 0.24609375 0.3828125 0.28515625 0.34375 0.24609375 0.34375 0.28515625 0.3828125
0 0.72265625 0.34375 0.76171875 0.3046875 0.72265625 0.3046875 0.76171875 0.34375
0 0.064453125 0.73828125 0.103515625 0.69921875 0.064453125 0.69921875 0.103515625 0.73828125
0 0.4140625 0.26171875 0.453125 0.22265625 0.4140625 0.22265625 0.453125 0.26171875
0 0.328125 0.9296875 0.3671875 0.890625 0.328125 0.890625 0.3671875 0.9296875
