0 0.818359375 0.380859375 0.857421875 0.341796875 0.818359375 0.341796875 0.857421875 0.380859375
0 0.5390625 0.091796875 0.578125 0.052734375 0.5390625 0.052734375 0.578125 0.091796875
0 0.12890625 0.123046875 0.16796875 0.083984375 0.12890625 0.083984375 0.16796875 0.123046875
0 0.212890625 0.14453125 0.251953125 0.10546875 0.212890625 0.10546875 0.251953125 0.14453125
0 0.107421875 0.275390625 0.146484375 0.236328125 0.107421875 0.236328125 0.146484375 0.275390625
0 0.83984375 0.390625 0.87890625 0.3515625 0.83984375 0.3515625 0.87890625 0.390625
0 0.640625 0.400390625 0.6796875 0.361328125 0.640625 0.361328125 0.6796875 0.400390625
0 0.31640625 0.6640625 0.35546875 0.625 0.31640625 0.625 0.35546875 0.6640625
0 0.30859375 0.501953125 0.34765625 0.462890625 0.30859375 0.462890625 0.34765625 0.501953125
0 0.646484375 0.61328125 0.685546875 0.57421875 0.646484375 0.57421875 0.685546875 0.61328125
0 0.2109375 0.439453125 0.25 0.400390625 0.2109375 0.400390625 0.25 0.439453125
0 0.291015625 0.958984375 0.330078125 0.919921875 0.291015625 0.919921875 0.330078125 0.958984375
0 0.75390625 0.18359375 0.79296875 0.14453125 0.75390625 0.14453125 0.79296875 0.18359375
0 0.27734375 0.31640625 0.31640625 0.27734375 0.27734375 0.27734375 0.31640625 0.31640625
