0 0.361328125 0.185546875 0.400390625 0.146484375 0.361328125 0.146484375 0.400390625 0.185546875
0 0.68359375 0.44921875 0.72265625 0.41015625 0.68359375 0.41015625 0.72265625 0.44921875
0 0.845703125 0.177734375 0.884765625 0.138671875 0.845703125 0.138671875 0.884765625 0.177734375
0 0.3828125 0.234375 0.421875 0.1953125 0.3828125 0.1953125 0.421875 0.234375
0 0.166015625 0.197265625 0.205078125 0.158203125 0.166015625 0.158203125 0.205078125 0.197265625
0 0.2890625 0.494140625 0.328125 0.455078125 0.2890625 0.455078125 0.328125 0.494140625
0 0.375 0.685546875 0.4140625 0.646484375 0.375 0.646484375 0.4140625 0.685546875
0 0.779296875 0.623046875 0.818359375 0.583984375 0.779296875 0.583984375 0.818359375 0.623046875
0 0.158203125 0.248046875 0.197265625 0.208984375 0.158203125 0.208984375 0.197265625 0.248046875
0 0.130859375 0.623046875 0.169921875 0.583984375 0.130859375 0.583984375 0.169921875 0.623046875
0 0.240234375 0.224609375 0.279296875 0.185546875 0.240234375 0.185546875 0.279296875 0.224609375
0 0.46875 0.685546875 0.5078125 0.646484375 0.46875 0.646484375 0.5078125 0.685546875
0 0.33984375 0.138671875 0.37890625 0.099609375 0.33984375 0.099609375 0.37890625 0.138671875
