0 0.638671875 0.380859375 0.677734375 0.341796875 0.638671875 0.341796875 0.677734375 0.380859375
0 0.8515625 0.0703125 0.890625 0.03125 0.8515625 0.03125 0.890625 0.0703125
0 0.521484375 0.5859375 0.560546875 0.546875 0.521484375 0.546875 0.560546875 0.5859375
0 0.681640625 0.294921875 0.720703125 0.255859375 0.681640625 0.255859375 0.720703125 0.294921875
0 0.05859375 0.677734375 0.09765625 0.638671875 0.05859375 0.638671875 0.09765625 0.677734375
0 0.029296875 0.728515625 0.068359375 0.689453125 0.029296875 0.689453125 0.068359375 0.728515625
0 0.130859375 0.70703125 0.169921875 0.66796875 0.130859375 0.66796875 0.169921875 0.70703125
0 0.1875 0.185546875 0.2265625 0.146484375 0.1875 0.146484375 0.2265625 0.185546875
0 0.072265625 0.8984375 0.111328125 0.859375 0.072265625 0.859375 0.111328125 0.8984375
0 0.23046875 0.20703125 0.26953125 0.16796875 0.23046875 0.16796875 0.26953125 0.20703125
0 0.619140625 0.228515625 0.658203125 0.189453125 0.619140625 0.189453125 0.658203125 0.228515625
