0 0.125 0.57421875 0.1640625 0.53515625 0.125 0.53515625 0.1640625 0.57421875
0 0.033203125 0.880859375 0.072265625 0.841796875 0.033203125 0.841796875 0.072265625 0.880859375
0 0.046875 0.50390625 0.0859375 0.46484375 0.046875 0.46484375 0.0859375 0.50390625
0 0.6484375 0.87890625 0.6875 0.83984375 0.6484375 0.83984375 0.6875 0.87890625
0 0.62109375 0.6796875 0.66015625 0.640625 0.62109375 0.640625 0.66015625 0.6796875
0 0.353515625 0.126953125 0.392578125 0.087890625 0.353515625 0.087890625 0.392578125 0.126953125
0 0.068359375 0.138671875 0.107421875 0.099609375 0.068359375 0.099609375 0.107421875 0.138671875
0 0.599609375 0.205078125 0.638671875 0.166015625 0.599609375 0.166015625 0.638671875 0.205078125
0 0.85546875 0.818359375 0.89453125 0.779296875 0.85546875 0.779296875 0.89453125 0.818359375
0 0.583984375 0.521484375 0.623046875 0.482421875 0.583984375 0.482421875 0.623046875 0.521484375
0 0.0703125 0.5859375 0.109375 0.546875 0.0703125 0.546875 0.109375 0.5859375
0 0.052734375 0.4765625 0.091796875 0.4375 0.052734375 0.4375 0.091796875 0.4765625
