0 0.40234375 0.7109375 0.44140625 0.671875 0.40234375 0.671875 0.44140625 0.7109375
0 0.802734375 0.302734375 0.841796875 0.263671875 0.802734375 0.263671875 0.841796875 0.302734375
0 0.64453125 0.28515625 0.68359375 0.24609375 0.64453125 0.24609375 0.68359375 0.28515625
0 0.091796875 0.787109375 0.130859375 0.748046875 0.091796875 0.748046875 0.130859375 0.787109375
0 0.828125 0.486328125 0.8671875 0.447265625 0.828125 0.447265625 0.8671875 0.486328125
0 0.677734375 0.2109375 0.716796875 0.171875 0.677734375 0.171875 0.716796875 0.2109375
0 0.576171875 0.759765625 0.615234375 0.720703125 0.576171875 0.720703125 0.615234375 0.759765625
0 0.611328125 0.40625 0.650390625 0.3671875 0.611328125 0.3671875 0.650390625 0.40625
0 0.302734375 0.87109375 0.341796875 0.83203125 0.302734375 0.83203125 0.341796875 0.87109375
0 0.533203125 0.109375 0.572265625 0.0703125 0.533203125 0.0703125 0.572265625 0.109375
0 0.439453125 0.626953125 0.478515625 0.587890625 0.439453125 0.587890625 0.478515625 0.626953125
0 0.875 0.767578125 0.9140625 0.728515625 0.875 0.728515625 0.9140625 0.767578125
0 0.2265625 0.166015625 0.265625 0.126953125 0.2265625 0.126953125 0.265625 0.166015625
