0 0.8671875 0.697265625 0.90625 0.658203125 0.8671875 0.658203125 0.90625 0.697265625
0 0.859375 0.1796875 0.8984375 0.140625 0.859375 0.140625 0.8984375 0.1796875
0 0.03125 0.25390625 0.0703125 0.21484375 0.03125 0.21484375 0.0703125 0.25390625
0 0.783203125 0.796875 0.822265625 0.7578125 0.783203125 0.7578125 0.822265625 0.796875
0 0.32421875 0.728515625 0.36328125 0.689453125 0.32421875 0.689453125 0.36328125 0.728515625
0 0.146484375 0.3828125 0.185546875 0.34375 0.146484375 0.34375 0.185546875 0.3828125
0 0.859375 0.134765625 0.8984375 0.095703125 0.859375 0.095703125 0.8984375 0.134765625
0 0.56640625 0.81640625 0.60546875 0.77734375 0.56640625 0.77734375 0.60546875 0.81640625
0 0.90625 0.173828125 0.9453125 0.134765625 0.90625 0.134765625 0.9453125 0.173828125
0 0.19921875 0.55078125 0.23828125 0.51171875 0.19921875 0.51171875 0.23828125 0.55078125
0 0.166015625 0.298828125 0.205078125 0.259765625 0.166015625 0.259765625 0.205078125 0.298828125
0 0.232421875 0.451171875 0.271484375 0.412109375 0.232421875 0.412109375 0.271484375 0.451171875
0 0.158203125 0.236328125 0.197265625 0.197265625 0.158203125 0.197265625 0.197265625 0.236328125
