0 0.900390625 0.453125 0.939453125 0.4140625 0.900390625 0.4140625 0.939453125 0.453125
0 0.59375 0.69921875 0.6328125 0.66015625 0.59375 0.66015625 0.6328125 0.69921875
0 0.55078125 0.548828125 0.58984375 0.509765625 0.55078125 0.509765625 0.58984375 0.548828125
0 0.03125 0.212890625 0.0703125 0.173828125 0.03125 0.173828125 0.0703125 0.212890625
0 0.09375 0.708984375 0.1328125 0.669921875 0.09375 0.669921875 0.1328125 0.708984375
0 0.369140625 0.50390625 0.408203125 0.46484375 0.369140625 0.46484375 0.408203125 0.50390625
0 0.5078125 0.08984375 0.546875 0.05078125 0.5078125 0.05078125 0.546875 0.08984375
0 0.572265625 0.248046875 0.611328125 0.208984375 0.572265625 0.208984375 0.611328125 0.248046875
0 0.712890625 0.076171875 0.751953125 0.037109375 0.712890625 0.037109375 0.751953125 0.076171875
0 0.404296875 0.8359375 0.443359375 0.796875 0.404296875 0.796875 0.443359375 0.8359375
0 0.302734375 0.2265625 0.341796875 0.1875 0.302734375 0.1875 0.341796875 0.2265625
0 0.41796875 0.607421875 0.45703125 0.568359375 0.41796875 0.568359375 0.45703125 0.607421875
0 0.25390625 0.529296875 0.29296875 0.490234375 0.25390625 0.490234375 0.29296875 0.529296875
