0 0.572265625 0.67578125 0.611328125 0.63671875 0.572265625 0.63671875 0.611328125 0.67578125
0 0.8671875 0.27734375 0.90625 0.23828125 0.8671875 0.23828125 0.90625 0.27734375
0 0.298828125 0.498046875 0.337890625 0.458984375 0.298828125 0.458984375 0.337890625 0.498046875
0 0.583984375 0.474609375 0.623046875 0.435546875 0.583984375 0.435546875 0.623046875 0.474609375
0 0.689453125 0.474609375 0.728515625 0.435546875 0.689453125 0.435546875 0.728515625 0.474609375
0 0.435546875 0.82421875 0.474609375 0.78515625 0.435546875 0.78515625 0.474609375 0.82421875
0 0.375 0.904296875 0.4140625 0.865234375 0.375 0.865234375 0.4140625 0.904296875
0 0.6171875 0.654296875 0.65625 0.615234375 0.6171875 0.615234375 0.65625 0.654296875
0 0.123046875 0.697265625 0.162109375 0.658203125 0.123046875 0.658203125 0.162109375 0.697265625
0 0.712890625 0.576171875 0.751953125 0.537109375 0.712890625 0.537109375 0.751953125 0.576171875
