0 0.9296875 0.607421875 0.96875 0.568359375 0.9296875 0.568359375 0.96875 0.607421875
0 0.216796875 0.41796875 0.255859375 0.37890625 0.216796875 0.37890625 0.255859375 0.41796875
0 0.080078125 0.80859375 0.119140625 0.76953125 0.080078125 0.76953125 0.119140625 0.80859375
0 0.8671875 0.369140625 0.90625 0.330078125 0.8671875 0.330078125 0.90625 0.369140625
0 0.4375 0.740234375 0.4765625 0.701171875 0.4375 0.701171875 0.4765625 0.740234375
0 0.87109375 0.791015625 0.91015625 0.751953125 0.87109375 0.751953125 0.91015625 0.791015625
0 0.123046875 0.861328125 0.162109375 0.822265625 0.123046875 0.822265625 0.162109375 0.861328125
0 0.63671875 0.69921875 0.67578125 0.66015625 0.63671875 0.66015625 0.67578125 0.69921875
0 0.26171875 0.302734375 0.30078125 0.263671875 0.26171875 0.263671875 0.30078125 0.302734375
0 0.30078125 0.5703125 0.33984375 0.53125 0.30078125 0.53125 0.33984375 0.5703125
