0 0.083984375 0.533203125 0.123046875 0.494140625 0.083984375 0.494140625 0.123046875 0.533203125
0 0.5859375 0.294921875 0.625 0.255859375 0.5859375 0.255859375 0.625 0.294921875
0 0.40234375 0.8671875 0.44140625 0.828125 0.40234375 0.828125 0.44140625 0.8671875
0 0.15625 0.798828125 0.1953125 0.759765625 0.15625 0.759765625 0.1953125 0.798828125
0 0.341796875 0.787109375 0.380859375 0.748046875 0.341796875 0.748046875 0.380859375 0.787109375
0 0.14453125 0.26953125 0.18359375 0.23046875 0.14453125 0.23046875 0.18359375 0.26953125
0 0.6640625 0.32421875 0.703125 0.28515625 0.6640625 0.28515625 0.703125 0.32421875
0 0.38671875 0.2421875 0.42578125 0.203125 0.38671875 0.203125 0.42578125 0.2421875
0 0.296875 0.865234375 0.3359375 0.826171875 0.296875 0.826171875 0.3359375 0.865234375
0 0.03125 0.177734375 0.0703125 0.138671875 0.03125 0.138671875 0.0703125 0.177734375
0 0.099609375 0.166015625 0.138671875 0.126953125 0.099609375 0.126953125 0.138671875 0.166015625
0 0.76171875 0.3203125 0.80078125 0.28125 0.76171875 0.28125 0.80078125 0.3203125
0 0.35546875 0.927734375 0.39453125 0.888671875 0.35546875 0.888671875 0.39453125 0.927734375
