0 0.3828125 0.78515625 0.421875 0.74609375 0.3828125 0.74609375 0.421875 0.78515625
0 0.119140625 0.189453125 0.158203125 0.150390625 0.119140625 0.150390625 0.158203125 0.189453125
0 0.8125 0.158203125 0.8515625 0.119140625 0.8125 0.119140625 0.8515625 0.158203125
0 0.783203125 0.8515625 0.822265625 0.8125 0.783203125 0.8125 0.822265625 0.8515625
0 0.91015625 0.189453125 0.94921875 0.150390625 0.91015625 0.150390625 0.94921875 0.189453125
0 0.208984375 0.705078125 0.248046875 0.666015625 0.208984375 0.666015625 0.248046875 0.705078125
0 0.3203125 0.451171875 0.359375 0.412109375 0.3203125 0.412109375 0.359375 0.451171875
0 0.779296875 0.365234375 0.818359375 0.326171875 0.779296875 0.326171875 0.818359375 0.365234375
0 0.244140625 0.421875 0.283203125 0.3828125 0.244140625 0.3828125 0.283203125 0.421875
0 0.138671875 0.12109375 0.177734375 0.08203125 0.138671875 0.08203125 0.177734375 0.12109375
0 0.3046875 0.75 0.34375 0.7109375 0.3046875 0.7109375 0.34375 0.75
