0 0.21484375 0.41796875 0.25390625 0.37890625 0.21484375 0.37890625 0.25390625 0.41796875
0 0.267578125 0.2109375 0.306640625 0.171875 0.267578125 0.171875 0.306640625 0.2109375
0 0.04296875 0.248046875 0.08203125 0.208984375 0.04296875 0.208984375 0.08203125 0.248046875
0 0.27734375 0.08984375 0.31640625 0.05078125 0.27734375 0.05078125 0.31640625 0.08984375
0 0.501953125 0.27734375 0.541015625 0.23828125 0.501953125 0.23828125 0.541015625 0.27734375
0 0.568359375 0.173828125 0.607421875 0.134765625 0.568359375 0.134765625 0.607421875 0.173828125
0 0.6171875 0.232421875 0.65625 0.193359375 0.6171875 0.193359375 0.65625 0.232421875
0 0.228515625 0.861328125 0.267578125 0.822265625 0.228515625 0.822265625 0.267578125 0.861328125
0 0.802734375 0.529296875 0.841796875 0.490234375 0.802734375 0.490234375 0.841796875 0.529296875
0 0.35546875 0.421875 0.39453125 0.3828125 0.35546875 0.3828125 0.39453125 0.421875
0 0.58984375 0.779296875 0.62890625 0.740234375 0.58984375 0.740234375 0.62890625 0.779296875
0 0.63671875 0.53515625 0.67578125 0.49609375 0.63671875 0.49609375 0.67578125 0.53515625
0 0.650390625 0.787109375 0.689453125 0.748046875 0.650390625 0.748046875 0.689453125 0.787109375
0 0.525390625 0.853515625 0.564453125 0.814453125 0.525390625 0.814453125 0.564453125 0.853515625
