0 0.408203125 0.474609375 0.447265625 0.435546875 0.408203125 0.435546875 0.447265625 0.474609375
0 0.337890625 0.666015625 0.376953125 0.626953125 0.337890625 0.626953125 0.376953125 0.666015625
0 0.37890625 0.876953125 0.41796875 0.837890625 0.37890625 0.837890625 0.41796875 0.876953125
0 0.720703125 0.072265625 0.759765625 0.033203125 0.720703125 0.033203125 0.759765625 0.072265625
0 0.501953125 0.90234375 0.541015625 0.86328125 0.501953125 0.86328125 0.541015625 0.90234375
0 0.765625 0.677734375 0.8046875 0.638671875 0.765625 0.638671875 0.8046875 0.677734375
0 0.44140625 0.55859375 0.48046875 0.51953125 0.44140625 0.51953125 0.48046875 0.55859375
0 0.7421875 0.42578125 0.78125 0.38671875 0.7421875 0.38671875 0.78125 0.42578125
0 0.548828125 0.587890625 0.587890625 0.548828125 0.548828125 0.548828125 0.587890625 0.587890625
0 0.78125 0.33984375 0.8203125 0.30078125 0.78125 0.30078125 0.8203125 0.33984375
0 0.26953125 0.556640625 0.30859375 0.517578125 0.26953125 0.517578125 0.30859375 0.556640625
