0 0.13671875 0.212890625 0.17578125 0.173828125 0.13671875 0.173828125 0.17578125 0.212890625
0 0.37890625 0.755859375 0.41796875 0.716796875 0.37890625 0.716796875 0.41796875 0.755859375
0 0.388671875 0.818359375 0.427734375 0.779296875 0.388671875 0.779296875 0.427734375 0.818359375
0 0.38671875 0.94140625 0.42578125 0.90234375 0.38671875 0.90234375 0.42578125 0.94140625
0 0.240234375 0.201171875 0.279296875 0.162109375 0.240234375 0.162109375 0.279296875 0.201171875
0 0.24609375 0.576171875 0.28515625 0.537109375 0.24609375 0.537109375 0.28515625 0.576171875
0 0.7421875 0.8515625 0.78125 0.8125 0.7421875 0.8125 0.78125 0.8515625
0 0.646484375 0.30078125 0.685546875 0.26171875 0.646484375 0.26171875 0.685546875 0.30078125
0 0.708984375 0.615234375 0.748046875 0.576171875 0.708984375 0.576171875 0.748046875 0.615234375
0 0.04296875 0.861328125 0.08203125 0.822265625 0.04296875 0.822265625 0.08203125 0.861328125
0 0.482421875 0.759765625 0.521484375 0.720703125 0.482421875 0.720703125 0.521484375 0.759765625
0 0.419921875 0.15625 0.458984375 0.1171875 0.419921875 0.1171875 0.458984375 0.15625
0 0.646484375 0.298828125 0.685546875 0.259765625 0.646484375 0.259765625 0.685546875 0.298828125
0 0.6015625 0.896484375 0.640625 0.857421875 0.6015625 0.857421875 0.640625 0.896484375
