0 0.33203125 0.890625 0.37109375 0.8515625 0.33203125 0.8515625 0.37109375 0.890625
0 0.779296875 0.306640625 0.818359375 0.267578125 0.779296875 0.267578125 0.818359375 0.306640625
0 0.509765625 0.76171875 0.548828125 0.72265625 0.509765625 0.72265625 0.548828125 0.76171875
0 0.296875 0.353515625 0.3359375 0.314453125 0.296875 0.314453125 0.3359375 0.353515625
0 0.037109375 0.21484375 0.076171875 0.17578125 0.037109375 0.17578125 0.076171875 0.21484375
0 0.78125 0.169921875 0.8203125 0.130859375 0.78125 0.130859375 0.8203125 0.169921875
0 0.6875 0.8515625 0.7265625 0.8125 0.6875 0.8125 0.7265625 0.8515625
0 0.908203125 0.267578125 0.947265625 0.228515625 0.908203125 0.228515625 0.947265625 0.267578125
0 0.875 0.826171875 0.9140625 0.787109375 0.875 0.787109375 0.9140625 0.826171875
0 0.91796875 0.7578125 0.95703125 0.71875 0.91796875 0.71875 0.95703125 0.7578125
