0 0.87890625 0.58203125 0.91796875 0.54296875 0.87890625 0.54296875 0.91796875 0.58203125
0 0.12890625 0.779296875 0.16796875 0.740234375 0.12890625 0.740234375 0.16796875 0.779296875
0 0.39453125 0.3046875 0.43359375 0.265625 0.39453125 0.265625 0.43359375 0.3046875
0 0.13671875 0.1015625 0.17578125 0.0625 0.13671875 0.0625 0.17578125 0.1015625
0 0.72265625 0.916015625 0.76171875 0.876953125 0.72265625 0.876953125 0.76171875 0.916015625
0 0.884765625 0.951171875 0.923828125 0.912109375 0.884765625 0.912109375 0.923828125 0.951171875
0 0.560546875 0.259765625 0.599609375 0.220703125 0.560546875 0.220703125 0.599609375 0.259765625
0 0.640625 0.072265625 0.6796875 0.033203125 0.640625 0.033203125 0.6796875 0.072265625
0 0.095703125 0.287109375 0.134765625 0.248046875 0.095703125 0.248046875 0.134765625 0.287109375
0 0.853515625 0.296875 0.892578125 0.2578125 0.853515625 0.2578125 0.892578125 0.296875
0 0.37890625 0.23046875 0.41796875 0.19140625 0.37890625 0.19140625 0.41796875 0.23046875
