0 0.31640625 0.134765625 0.35546875 0.095703125 0.31640625 0.095703125 0.35546875 0.134765625
0 0.529296875 0.34765625 0.568359375 0.30859375 0.529296875 0.30859375 0.568359375 0.34765625
0 0.68359375 0.68359375 0.72265625 0.64453125 0.68359375 0.64453125 0.72265625 0.68359375
0 0.21875 0.876953125 0.2578125 0.837890625 0.21875 0.837890625 0.2578125 0.876953125
0 0.13671875 0.091796875 0.17578125 0.052734375 0.13671875 0.052734375 0.17578125 0.091796875
0 0.203125 0.91796875 0.2421875 0.87890625 0.203125 0.87890625 0.2421875 0.91796875
0 0.552734375 0.3828125 0.591796875 0.34375 0.552734375 0.34375 0.591796875 0.3828125
0 0.34375 0.478515625 0.3828125 0.439453125 0.34375 0.439453125 0.3828125 0.478515625
0 0.232421875 0.326171875 0.271484375 0.287109375 0.232421875 0.287109375 0.271484375 0.326171875
0 0.31640625 0.080078125 0.35546875 0.041015625 0.31640625 0.041015625 0.35546875 0.080078125
0 0.619140625 0.080078125 0.658203125 0.041015625 0.619140625 0.041015625 0.658203125 0.080078125
0 0.19140625 0.880859375 0.23046875 0.841796875 0.19140625 0.841796875 0.23046875 0.880859375
