0 0.18359375 0.189453125 0.22265625 0.150390625 0.18359375 0.150390625 0.22265625 0.189453125
0 0.6796875 0.193359375 0.71875 0.154296875 0.6796875 0.154296875 0.71875 0.193359375
0 0.578125 0.318359375 0.6171875 0.279296875 0.578125 0.279296875 0.6171875 0.318359375
0 0.27734375 0.083984375 0.31640625 0.044921875 0.27734375 0.044921875 0.31640625 0.083984375
0 0.84375 0.31640625 0.8828125 0.27734375 0.84375 0.27734375 0.8828125 0.31640625
0 0.30078125 0.3046875 0.33984375 0.265625 0.30078125 0.265625 0.33984375 0.3046875
0 0.634765625 0.93359375 0.673828125 0.89453125 0.634765625 0.89453125 0.673828125 0.93359375
0 0.216796875 0.609375 0.255859375 0.5703125 0.216796875 0.5703125 0.255859375 0.609375
0 0.822265625 0.439453125 0.861328125 0.400390625 0.822265625 0.400390625 0.861328125 0.439453125
0 0.08984375 0.109375 0.12890625 0.0703125 0.08984375 0.0703125 0.12890625 0.109375
0 0.701171875 0.931640625 0.740234375 0.892578125 0.701171875 0.892578125 0.740234375 0.931640625
