0 0.779296875 0.740234375 0.818359375 0.701171875 0.779296875 0.701171875 0.818359375 0.740234375
0 0.169921875 0.248046875 0.208984375 0.208984375 0.169921875 0.208984375 0.208984375 0.248046875
0 0.7890625 0.3515625 0.828125 0.3125 0.7890625 0.3125 0.828125 0.3515625
0 0.435546875 0.4921875 0.474609375 0.453125 0.435546875 0.453125 0.474609375 0.4921875
0 0.58203125 0.107421875 0.62109375 0.068359375 0.58203125 0.068359375 0.62109375 0.107421875
0 0.921875 0.669921875 0.9609375 0.630859375 0.921875 0.630859375 0.9609375 0.669921875
0 0.86328125 0.611328125 0.90234375 0.572265625 0.86328125 0.572265625 0.90234375 0.611328125
0 0.439453125 0.376953125 0.478515625 0.337890625 0.439453125 0.337890625 0.478515625 0.376953125
0 0.509765625 0.677734375 0.548828125 0.638671875 0.509765625 0.638671875 0.548828125 0.677734375
0 0.13671875 0.517578125 0.17578125 0.478515625 0.13671875 0.478515625 0.17578125 0.517578125
