0 0.568359375 0.3046875 0.607421875 0.265625 0.568359375 0.265625 0.607421875 0.3046875
0 0.90234375 0.890625 0.94140625 0.8515625 0.90234375 0.8515625 0.94140625 0.890625
0 0.884765625 0.515625 0.923828125 0.4765625 0.884765625 0.4765625 0.923828125 0.515625
0 0.912109375 0.392578125 0.951171875 0.353515625 0.912109375 0.353515625 0.951171875 0.392578125
0 0.84765625 0.197265625 0.88671875 0.158203125 0.84765625 0.158203125 0.88671875 0.197265625
0 0.482421875 0.861328125 0.521484375 0.822265625 0.482421875 0.822265625 0.521484375 0.861328125
0 0.171875 0.669921875 0.2109375 0.630859375 0.171875 0.630859375 0.2109375 0.669921875
0 0.458984375 0.46875 0.498046875 0.4296875 0.458984375 0.4296875 0.498046875 0.46875
0 0.787109375 0.13671875 0.826171875 0.09765625 0.787109375 0.09765625 0.826171875 0.13671875
0 0.10546875 0.154296875 0.14453125 0.115234375 0.10546875 0.115234375 0.14453125 0.154296875
0 0.88671875 0.900390625 0.92578125 0.861328125 0.88671875 0.861328125 0.92578125 0.900390625
0 0.908203125 0.103515625 0.947265625 0.064453125 0.908203125 0.064453125 0.947265625 0.103515625
