0 0.28125 0.81640625 0.3203125 0.77734375 0.28125 0.77734375 0.3203125 0.81640625
0 0.046875 0.55859375 0.0859375 0.51953125 0.046875 0.51953125 0.0859375 0.55859375
0 0.30859375 0.873046875 0.34765625 0.833984375 0.30859375 0.833984375 0.34765625 0.873046875
0 0.470703125 0.404296875 0.509765625 0.365234375 0.470703125 0.365234375 0.509765625 0.404296875
0 0.451171875 0.40625 0.490234375 0.3671875 0.451171875 0.3671875 0.490234375 0.40625
0 0.615234375 0.240234375 0.654296875 0.201171875 0.615234375 0.201171875 0.654296875 0.240234375
0 0.583984375 0.0703125 0.623046875 0.03125 0.583984375 0.03125 0.623046875 0.0703125
0 0.32421875 0.30078125 0.36328125 0.26171875 0.32421875 0.26171875 0.36328125 0.30078125
0 0.498046875 0.671875 0.537109375 0.6328125 0.498046875 0.6328125 0.537109375 0.671875
0 0.65625 0.24609375 0.6953125 0.20703125 0.65625 0.20703125 0.6953125 0.24609375
0 0.05078125 0.779296875 0.08984375 0.740234375 0.05078125 0.740234375 0.08984375 0.779296875
0 0.814453125 0.61328125 0.853515625 0.57421875 0.814453125 0.57421875 0.853515625 0.61328125
0 0.59765625 0.826171875 0.63671875 0.787109375 0.59765625 0.787109375 0.63671875 0.826171875
