0 0.724609375 0.83984375 0.763671875 0.80078125 0.724609375 0.80078125 0.763671875 0.83984375
0 0.15625 0.642578125 0.1953125 0.603515625 0.15625 0.603515625 0.1953125 0.642578125
0 0.814453125 0.107421875 0.853515625 0.068359375 0.814453125 0.068359375 0.853515625 0.107421875
0 0.564453125 0.95703125 0.603515625 0.91796875 0.564453125 0.91796875 0.603515625 0.95703125
0 0.42578125 0.908203125 0.46484375 0.869140625 0.42578125 0.869140625 0.46484375 0.908203125
0 0.103515625 0.591796875 0.142578125 0.552734375 0.103515625 0.552734375 0.142578125 0.591796875
0 0.271484375 0.822265625 0.310546875 0.783203125 0.271484375 0.783203125 0.310546875 0.822265625
0 0.26953125 0.587890625 0.30859375 0.548828125 0.26953125 0.548828125 0.30859375 0.587890625
0 0.1796875 0.818359375 0.21875 0.779296875 0.1796875 0.779296875 0.21875 0.818359375
0 0.197265625 0.283203125 0.236328125 0.244140625 0.197265625 0.244140625 0.236328125 0.283203125
0 0.92578125 0.3828125 0.96484375 0.34375 0.92578125 0.34375 0.96484375 0.3828125
