0 0.4921875 0.91796875 0.53125 0.87890625 0.4921875 0.87890625 0.53125 0.91796875
0 0.64453125 0.822265625 0.68359375 0.783203125 0.64453125 0.783203125 0.68359375 0.822265625
0 0.345703125 0.958984375 0.384765625 0.919921875 0.345703125 0.919921875 0.384765625 0.958984375
0 0.421875 0.533203125 0.4609375 0.494140625 0.421875 0.494140625 0.4609375 0.533203125
0 0.373046875 0.2578125 0.412109375 0.21875 0.373046875 0.21875 0.412109375 0.2578125
0 0.078125 0.455078125 0.1171875 0.416015625 0.078125 0.416015625 0.1171875 0.455078125
0 0.3359375 0.564453125 0.375 0.525390625 0.3359375 0.525390625 0.375 0.564453125
0 0.29296875 0.3984375 0.33203125 0.359375 0.29296875 0.359375 0.33203125 0.3984375
0 0.42578125 0.966796875 0.46484375 0.927734375 0.42578125 0.927734375 0.46484375 0.966796875
0 0.80078125 0.14453125 0.83984375 0.10546875 0.80078125 0.10546875 0.83984375 0.14453125
0 0.5625 0.923828125 0.6015625 0.884765625 0.5625 0.884765625 0.6015625 0.923828125
