0 0.84375 0.94921875 0.8828125 0.91015625 0.84375 0.91015625 0.8828125 0.94921875
0 0.04296875 0.6484375 0.08203125 0.609375 0.04296875 0.609375 0.08203125 0.6484375
0 0.416015625 0.109375 0.455078125 0.0703125 0.416015625 0.0703125 0.455078125 0.109375
0 0.08203125 0.76171875 0.12109375 0.72265625 0.08203125 0.72265625 0.12109375 0.76171875
0 0.443359375 0.73046875 0.482421875 0.69140625 0.443359375 0.69140625 0.482421875 0.73046875
0 0.541015625 0.763671875 0.580078125 0.724609375 0.541015625 0.724609375 0.580078125 0.763671875
0 0.232421875 0.8046875 0.271484375 0.765625 0.232421875 0.765625 0.271484375 0.8046875
0 0.791015625 0.416015625 0.830078125 0.376953125 0.791015625 0.376953125 0.830078125 0.416015625
0 0.625 0.517578125 0.6640625 0.478515625 0.625 0.478515625 0.6640625 0.517578125
0 0.8828125 0.310546875 0.921875 0.271484375 0.8828125 0.271484375 0.921875 0.310546875
0 0.046875 0.177734375 0.0859375 0.138671875 0.046875 0.138671875 0.0859375 0.177734375
