0 0.849609375 0.71875 0.888671875 0.6796875 0.849609375 0.6796875 0.888671875 0.71875
0 0.853515625 0.9453125 0.892578125 0.90625 0.853515625 0.90625 0.892578125 0.9453125
0 0.51171875 0.47265625 0.55078125 0.43359375 0.51171875 0.43359375 0.55078125 0.47265625
0 0.30078125 0.9140625 0.33984375 0.875 0.30078125 0.875 0.33984375 0.9140625
0 0.3984375 0.21875 0.4375 0.1796875 0.3984375 0.1796875 0.4375 0.21875
0 0.591796875 0.724609375 0.630859375 0.685546875 0.591796875 0.685546875 0.630859375 0.724609375
0 0.853515625 0.513671875 0.892578125 0.474609375 0.853515625 0.474609375 0.892578125 0.513671875
0 0.189453125 0.61328125 0.228515625 0.57421875 0.189453125 0.57421875 0.228515625 0.61328125
0 0.50390625 0.1953125 0.54296875 0.15625 0.50390625 0.15625 0.54296875 0.1953125
0 0.580078125 0.248046875 0.619140625 0.208984375 0.580078125 0.208984375 0.619140625 0.248046875
0 0.8203125 0.486328125 0.859375 0.447265625 0.8203125 0.447265625 0.859375 0.486328125
