0 0.138671875 0.4296875 0.177734375 0.390625 0.138671875 0.390625 0.177734375 0.4296875
0 0.064453125 0.16015625 0.103515625 0.12109375 0.064453125 0.12109375 0.103515625 0.16015625
0 0.662109375 0.224609375 0.701171875 0.185546875 0.662109375 0.185546875 0.701171875 0.224609375
0 0.40234375 0.34765625 0.44140625 0.30859375 0.40234375 0.30859375 0.44140625 0.34765625
0 0.4921875 0.91015625 0.53125 0.87109375 0.4921875 0.87109375 0.53125 0.91015625
0 0.873046875 0.65234375 0.912109375 0.61328125 0.873046875 0.61328125 0.912109375 0.65234375
0 0.498046875 0.369140625 0.537109375 0.330078125 0.498046875 0.330078125 0.537109375 0.369140625
0 0.345703125 0.828125 0.384765625 0.7890625 0.345703125 0.7890625 0.384765625 0.828125
0 0.71875 0.31640625 0.7578125 0.27734375 0.71875 0.27734375 0.7578125 0.31640625
0 0.201171875 0.51171875 0.240234375 0.47265625 0.201171875 0.47265625 0.240234375 0.51171875
