0 0.701171875 0.498046875 0.740234375 0.458984375 0.701171875 0.458984375 0.740234375 0.498046875
0 0.134765625 0.86328125 0.173828125 0.82421875 0.134765625 0.82421875 0.173828125 0.86328125
0 0.478515625 0.794921875 0.517578125 0.755859375 0.478515625 0.755859375 0.517578125 0.794921875
0 0.787109375 0.380859375 0.826171875 0.341796875 0.787109375 0.341796875 0.826171875 0.380859375
0 0.509765625 0.837890625 0.548828125 0.798828125 0.509765625 0.798828125 0.548828125 0.837890625
0 0.423828125 0.12890625 0.462890625 0.08984375 0.423828125 0.08984375 0.462890625 0.12890625
0 0.345703125 0.31640625 0.384765625 0.27734375 0.345703125 0.27734375 0.384765625 0.31640625
0 0.494140625 0.083984375 0.533203125 0.044921875 0.494140625 0.044921875 0.533203125 0.083984375
0 0.349609375 0.15234375 0.388671875 0.11328125 0.349609375 0.11328125 0.388671875 0.15234375
0 0.61328125 0.802734375 0.65234375 0.763671875 0.61328125 0.763671875 0.65234375 0.802734375
0 0.693359375 0.734375 0.732421875 0.6953125 0.693359375 0.6953125 0.732421875 0.734375
0 0.4296875 0.384765625 0.46875 0.345703125 0.4296875 0.345703125 0.46875 0.384765625
0 0.134765625 0.474609375 0.173828125 0.435546875 0.134765625 0.435546875 0.173828125 0.474609375
0 0.875 0.833984375 0.9140625 0.794921875 0.875 0.794921875 0.9140625 0.833984375
