0 0.658203125 0.43359375 0.697265625 0.39453125 0.658203125 0.39453125 0.697265625 0.43359375
0 0.142578125 0.92578125 0.181640625 0.88671875 0.142578125 0.88671875 0.181640625 0.92578125
0 0.27734375 0.36328125 0.31640625 0.32421875 0.27734375 0.32421875 0.31640625 0.36328125
0 0.392578125 0.552734375 0.431640625 0.513671875 0.392578125 0.513671875 0.431640625 0.552734375
0 0.193359375 0.5703125 0.232421875 0.53125 0.193359375 0.53125 0.232421875 0.5703125
0 0.787109375 0.244140625 0.826171875 0.205078125 0.787109375 0.205078125 0.826171875 0.244140625
0 0.201171875 0.130859375 0.240234375 0.091796875 0.201171875 0.091796875 0.240234375 0.130859375
0 0.146484375 0.673828125 0.185546875 0.634765625 0.146484375 0.634765625 0.185546875 0.673828125
0 0.740234375 0.96484375 0.779296875 0.92578125 0.740234375 0.92578125 0.779296875 0.96484375
0 0.5859375 0.326171875 0.625 0.287109375 0.5859375 0.287109375 0.625 0.326171875
0 0.08203125 0.58203125 0.12109375 0.54296875 0.08203125 0.54296875 0.12109375 0.58203125
0 0.412109375 0.681640625 0.451171875 0.642578125 0.412109375 0.642578125 0.451171875 0.681640625
0 0.37890625 0.16796875 0.41796875 0.12890625 0.37890625 0.12890625 0.41796875 0.16796875
0 0.65625 0.111328125 0.6953125 0.072265625 0.65625 0.072265625 0.6953125 0.111328125
