0 0.5078125 0.890625 0.546875 0.8515625 0.5078125 0.8515625 0.546875 0.890625
0 0.0625 0.330078125 0.1015625 0.291015625 0.0625 0.291015625 0.1015625 0.330078125
0 0.45703125 0.955078125 0.49609375 0.916015625 0.45703125 0.916015625 0.49609375 0.955078125
0 0.76953125 0.279296875 0.80859375 0.240234375 0.76953125 0.240234375 0.80859375 0.279296875
0 0.03125 0.078125 0.0703125 0.0390625 0.03125 0.0390625 0.0703125 0.078125
0 0.5390625 0.734375 0.578125 0.6953125 0.5390625 0.6953125 0.578125 0.734375
0 0.083984375 0.19140625 0.123046875 0.15234375 0.083984375 0.15234375 0.123046875 0.19140625
0 0.146484375 0.1328125 0.185546875 0.09375 0.146484375 0.09375 0.185546875 0.1328125
0 0.265625 0.712890625 0.3046875 0.673828125 0.265625 0.673828125 0.3046875 0.712890625
0 0.919921875 0.662109375 0.958984375 0.623046875 0.919921875 0.623046875 0.958984375 0.662109375
0 0.333984375 0.353515625 0.373046875 0.314453125 0.333984375 0.314453125 0.373046875 0.353515625
0 0.06640625 0.22265625 0.10546875 0.18359375 0.06640625 0.18359375 0.10546875 0.22265625
0 0.5546875 0.078125 0.59375 0.0390625 0.5546875 0.0390625 0.59375 0.078125
0 0.048828125 0.11328125 0.087890625 0.07421875 0.048828125 0.07421875 0.087890625 0.11328125
