0 0.3984375 0.513671875 0.4375 0.474609375 0.3984375 0.474609375 0.4375 0.513671875
0 0.349609375 0.857421875 0.388671875 0.818359375 0.349609375 0.818359375 0.388671875 0.857421875
0 0.095703125 0.361328125 0.134765625 0.322265625 0.095703125 0.322265625 0.134765625 0.361328125
0 0.787109375 0.283203125 0.826171875 0.244140625 0.787109375 0.244140625 0.826171875 0.283203125
0 0.494140625 0.552734375 0.533203125 0.513671875 0.494140625 0.513671875 0.533203125 0.552734375
0 0.384765625 0.626953125 0.423828125 0.587890625 0.384765625 0.587890625 0.423828125 0.626953125
0 0.5859375 0.50390625 0.625 0.46484375 0.5859375 0.46484375 0.625 0.50390625
0 0.150390625 0.455078125 0.189453125 0.416015625 0.150390625 0.416015625 0.189453125 0.455078125
0 0.453125 0.2421875 0.4921875 0.203125 0.453125 0.203125 0.4921875 0.2421875
0 0.57421875 0.181640625 0.61328125 0.142578125 0.57421875 0.142578125 0.61328125 0.181640625
0 0.185546875 0.43359375 0.224609375 0.39453125 0.185546875 0.39453125 0.224609375 0.43359375
0 0.087890625 0.69140625 0.126953125 0.65234375 0.087890625 0.65234375 0.126953125 0.69140625
0 0.72265625 0.912109375 0.76171875 0.873046875 0.72265625 0.873046875 0.76171875 0.912109375
0 0.765625 0.958984375 0.8046875 0.919921875 0.765625 0.919921875 0.8046875 0.958984375
