0 0.623046875 0.2734375 0.662109375 0.234375 0.623046875 0.234375 0.662109375 0.2734375
0 0.609375 0.64453125 0.6484375 0.60546875 0.609375 0.60546875 0.6484375 0.64453125
0 0.20703125 0.46875 0.24609375 0.4296875 0.20703125 0.4296875 0.24609375 0.46875
0 0.802734375 0.734375 0.841796875 0.6953125 0.802734375 0.6953125 0.841796875 0.734375
0 0.36328125 0.279296875 0.40234375 0.240234375 0.36328125 0.240234375 0.40234375 0.279296875
0 0.357421875 0.29296875 0.396484375 0.25390625 0.357421875 0.25390625 0.396484375 0.29296875
0 0.34765625 0.8515625 0.38671875 0.8125 0.34765625 0.8125 0.38671875 0.8515625
0 0.033203125 0.10546875 0.072265625 0.06640625 0.033203125 0.06640625 0.072265625 0.10546875
0 0.912109375 0.908203125 0.951171875 0.869140625 0.912109375 0.869140625 0.951171875 0.908203125
0 0.712890625 0.470703125 0.751953125 0.431640625 0.712890625 0.431640625 0.751953125 0.470703125
0 0.34375 0.947265625 0.3828125 0.908203125 0.34375 0.908203125 0.3828125 0.947265625
0 0.16015625 0.283203125 0.19921875 0.244140625 0.16015625 0.244140625 0.19921875 0.283203125
0 0.189453125 0.71484375 0.228515625 0.67578125 0.189453125 0.67578125 0.228515625 0.71484375
