0 0.76171875 0.275390625 0.80078125 0.236328125 0.76171875 0.236328125 0.80078125 0.275390625
0 0.486328125 0.8515625 0.525390625 0.8125 0.486328125 0.8125 0.525390625 0.8515625
0 0.05859375 0.701171875 0.09765625 0.662109375 0.05859375 0.662109375 0.09765625 0.701171875
0 0.205078125 0.46875 0.244140625 0.4296875 0.205078125 0.4296875 0.244140625 0.46875
0 0.052734375 0.734375 0.091796875 0.6953125 0.052734375 0.6953125 0.091796875 0.734375
0 0.41015625 0.341796875 0.44921875 0.302734375 0.41015625 0.302734375 0.44921875 0.341796875
0 0.578125 0.708984375 0.6171875 0.669921875 0.578125 0.669921875 0.6171875 0.708984375
0 0.46484375 0.51171875 0.50390625 0.47265625 0.46484375 0.47265625 0.50390625 0.51171875
0 0.212890625 0.47265625 0.251953125 0.43359375 0.212890625 0.43359375 0.251953125 0.47265625
0 0.31640625 0.666015625 0.35546875 0.626953125 0.31640625 0.626953125 0.35546875 0.666015625
