0 0.67578125 0.44140625 0.71484375 0.40234375 0.67578125 0.40234375 0.71484375 0.44140625
0 0.10546875 0.404296875 0.14453125 0.365234375 0.10546875 0.365234375 0.14453125 0.404296875
0 0.189453125 0.65234375 0.228515625 0.61328125 0.189453125 0.61328125 0.228515625 0.65234375
0 0.615234375 0.123046875 0.654296875 0.083984375 0.615234375 0.083984375 0.654296875 0.123046875
0 0.8203125 0.62109375 0.859375 0.58203125 0.8203125 0.58203125 0.859375 0.62109375
0 0.369140625 0.6484375 0.408203125 0.609375 0.369140625 0.609375 0.408203125 0.6484375
0 0.453125 0.775390625 0.4921875 0.736328125 0.453125 0.736328125 0.4921875 0.775390625
0 0.33984375 0.484375 0.37890625 0.4453125 0.33984375 0.4453125 0.37890625 0.484375
0 0.505859375 0.158203125 0.544921875 0.119140625 0.505859375 0.119140625 0.544921875 0.158203125
0 0.6640625 0.4453125 0.703125 0.40625 0.6640625 0.40625 0.703125 0.4453125
0 0.287109375 0.5546875 0.326171875 0.515625 0.287109375 0.515625 0.326171875 0.5546875
0 0.587890625 0.39453125 0.626953125 0.35546875 0.587890625 0.35546875 0.626953125 0.39453125
