0 0.271484375 0.380859375 0.310546875 0.341796875 0.271484375 0.341796875 0.310546875 0.380859375
0 0.525390625 0.619140625 0.564453125 0.580078125 0.525390625 0.580078125 0.564453125 0.619140625
0 0.6640625 0.9140625 0.703125 0.875 0.6640625 0.875 0.703125 0.9140625
0 0.087890625 0.482421875 0.126953125 0.443359375 0.087890625 0.443359375 0.126953125 0.482421875
0 0.791015625 0.255859375 0.830078125 0.216796875 0.791015625 0.216796875 0.830078125 0.255859375
0 0.546875 0.345703125 0.5859375 0.306640625 0.546875 0.306640625 0.5859375 0.345703125
0 0.25 0.759765625 0.2890625 0.720703125 0.25 0.720703125 0.2890625 0.759765625
0 0.08984375 0.546875 0.12890625 0.5078125 0.08984375 0.5078125 0.12890625 0.546875
0 0.236328125 0.615234375 0.275390625 0.576171875 0.236328125 0.576171875 0.275390625 0.615234375
0 0.072265625 0.681640625 0.111328125 0.642578125 0.072265625 0.642578125 0.111328125 0.681640625
0 0.095703125 0.837890625 0.134765625 0.798828125 0.095703125 0.798828125 0.134765625 0.837890625
