0 0.037109375 0.353515625 0.076171875 0.314453125 0.037109375 0.314453125 0.076171875 0.353515625
0 0.447265625 0.8671875 0.486328125 0.828125 0.447265625 0.828125 0.486328125 0.8671875
0 0.7421875 0.466796875 0.78125 0.427734375 0.7421875 0.427734375 0.78125 0.466796875
0 0.255859375 0.66015625 0.294921875 0.62109375 0.255859375 0.62109375 0.294921875 0.66015625
0 0.130859375 0.79296875 0.169921875 0.75390625 0.130859375 0.75390625 0.169921875 0.79296875
0 0.451171875 0.162109375 0.490234375 0.123046875 0.451171875 0.123046875 0.490234375 0.162109375
0 0.919921875 0.7109375 0.958984375 0.671875 0.919921875 0.671875 0.958984375 0.7109375
0 0.685546875 0.626953125 0.724609375 0.587890625 0.685546875 0.587890625 0.724609375 0.626953125
0 0.802734375 0.8515625 0.841796875 0.8125 0.802734375 0.8125 0.841796875 0.8515625
0 0.123046875 0.650390625 0.162109375 0.611328125 0.123046875 0.611328125 0.162109375 0.650390625
0 0.140625 0.1015625 0.1796875 0.0625 0.140625 0.0625 0.1796875 0.1015625
