0 0.412109375 0.666015625 0.451171875 0.626953125 0.412109375 0.626953125 0.451171875 0.666015625
0 0.6015625 0.251953125 0.640625 0.212890625 0.6015625 0.212890625 0.640625 0.251953125
0 0.568359375 0.6015625 0.607421875 0.5625 0.568359375 0.5625 0.607421875 0.6015625
0 0.78125 0.71484375 0.8203125 0.67578125 0.78125 0.67578125 0.8203125 0.71484375
0 0.638671875 0.59375 0.677734375 0.5546875 0.638671875 0.5546875 0.677734375 0.59375
0 0.611328125 0.830078125 0.650390625 0.791015625 0.611328125 0.791015625 0.650390625 0.830078125
0 0.814453125 0.517578125 0.853515625 0.478515625 0.814453125 0.478515625 0.853515625 0.517578125
0 0.412109375 0.384765625 0.451171875 0.345703125 0.412109375 0.345703125 0.451171875 0.384765625
0 0.169921875 0.435546875 0.208984375 0.396484375 0.169921875 0.396484375 0.208984375 0.435546875
0 0.708984375 0.703125 0.748046875 0.6640625 0.708984375 0.6640625 0.748046875 0.703125
0 0.552734375 0.615234375 0.591796875 0.576171875 0.552734375 0.576171875 0.591796875 0.615234375
0 0.70703125 0.49609375 0.74609375 0.45703125 0.70703125 0.45703125 0.74609375 0.49609375
0 0.91015625 0.720703125 0.94921875 0.681640625 0.91015625 0.681640625 0.94921875 0.720703125
0 0.75390625 0.404296875 0.79296875 0.365234375 0.75390625 0.365234375 0.79296875 0.404296875
