0 0.279296875 0.5546875 0.318359375 0.515625 0.279296875 0.515625 0.318359375 0.5546875
0 0.669921875 0.34765625 0.708984375 0.30859375 0.669921875 0.30859375 0.708984375 0.34765625
0 0.08984375 0.888671875 0.12890625 0.849609375 0.08984375 0.849609375 0.12890625 0.888671875
0 0.66796875 0.53515625 0.70703125 0.49609375 0.66796875 0.49609375 0.70703125 0.53515625
0 0.109375 0.697265625 0.1484375 0.658203125 0.109375 0.658203125 0.1484375 0.697265625
0 0.5859375 0.212890625 0.625 0.173828125 0.5859375 0.173828125 0.625 0.212890625
0 0.435546875 0.73046875 0.474609375 0.69140625 0.435546875 0.69140625 0.474609375 0.73046875
0 0.03125 0.47265625 0.0703125 0.43359375 0.03125 0.43359375 0.0703125 0.47265625
0 0.7578125 0.75390625 0.796875 0.71484375 0.7578125 0.71484375 0.796875 0.75390625
0 0.69140625 0.6328125 0.73046875 0.59375 0.69140625 0.59375 0.73046875 0.6328125
0 0.326171875 0.134765625 0.365234375 0.095703125 0.326171875 0.095703125 0.365234375 0.134765625
