0 0.59765625 0.912109375 0.63671875 0.873046875 0.59765625 0.873046875 0.63671875 0.912109375
0 0.689453125 0.599609375 0.728515625 0.560546875 0.689453125 0.560546875 0.728515625 0.599609375
0 0.783203125 0.671875 0.822265625 0.6328125 0.783203125 0.6328125 0.822265625 0.671875
0 0.7265625 0.16015625 0.765625 0.12109375 0.7265625 0.12109375 0.765625 0.16015625
0 0.541015625 0.77734375 0.580078125 0.73828125 0.541015625 0.73828125 0.580078125 0.77734375
0 0.8359375 0.09765625 0.875 0.05859375 0.8359375 0.05859375 0.875 0.09765625
0 0.048828125 0.45703125 0.087890625 0.41796875 0.048828125 0.41796875 0.087890625 0.45703125
0 0.087890625 0.93359375 0.126953125 0.89453125 0.087890625 0.89453125 0.126953125 0.93359375
0 0.6328125 0.3046875 0.671875 0.265625 0.6328125 0.265625 0.671875 0.3046875
0 0.1171875 0.84375 0.15625 0.8046875 0.1171875 0.8046875 0.15625 0.84375
0 0.77734375 0.2578125 0.81640625 0.21875 0.77734375 0.21875 0.81640625 0.2578125
