0 0.583984375 0.779296875 0.623046875 0.740234375 0.583984375 0.740234375 0.623046875 0.779296875
0 0.802734375 0.763671875 0.841796875 0.724609375 0.802734375 0.724609375 0.841796875 0.763671875
0 0.064453125 0.810546875 0.103515625 0.771484375 0.064453125 0.771484375 0.103515625 0.810546875
0 0.103515625 0.939453125 0.142578125 0.900390625 0.103515625 0.900390625 0.142578125 0.939453125
0 0.19140625 0.46484375 0.23046875 0.42578125 0.19140625 0.42578125 0.23046875 0.46484375
0 0.927734375 0.353515625 0.966796875 0.314453125 0.927734375 0.314453125 0.966796875 0.353515625
0 0.6328125 0.333984375 0.671875 0.294921875 0.6328125 0.294921875 0.671875 0.333984375
0 0.3515625 0.607421875 0.390625 0.568359375 0.3515625 0.568359375 0.390625 0.607421875
0 0.294921875 0.396484375 0.333984375 0.357421875 0.294921875 0.357421875 0.333984375 0.396484375
0 0.3828125 0.537109375 0.421875 0.498046875 0.3828125 0.498046875 0.421875 0.537109375
0 0.498046875 0.517578125 0.537109375 0.478515625 0.498046875 0.478515625 0.537109375 0.517578125
0 0.142578125 0.388671875 0.181640625 0.349609375 0.142578125 0.349609375 0.181640625 0.388671875
0 0.85546875 0.103515625 0.89453125 0.064453125 0.85546875 0.064453125 0.89453125 0.103515625
