0 0.525390625 0.818359375 0.564453125 0.779296875 0.525390625 0.779296875 0.564453125 0.818359375
0 0.375 0.15234375 0.4140625 0.11328125 0.375 0.11328125 0.4140625 0.15234375
0 0.095703125 0.67578125 0.134765625 0.63671875 0.095703125 0.63671875 0.134765625 0.67578125
0 0.689453125 0.154296875 0.728515625 0.115234375 0.689453125 0.115234375 0.728515625 0.154296875
0 0.853515625 0.525390625 0.892578125 0.486328125 0.853515625 0.486328125 0.892578125 0.525390625
0 0.1171875 0.92578125 0.15625 0.88671875 0.1171875 0.88671875 0.15625 0.92578125
0 0.6953125 0.5625 0.734375 0.5234375 0.6953125 0.5234375 0.734375 0.5625
0 0.78515625 0.40625 0.82421875 0.3671875 0.78515625 0.3671875 0.82421875 0.40625
0 0.837890625 0.607421875 0.876953125 0.568359375 0.837890625 0.568359375 0.876953125 0.607421875
0 0.234375 0.4765625 0.2734375 0.4375 0.234375 0.4375 0.2734375 0.4765625
