0 0.845703125 0.548828125 0.884765625 0.509765625 0.845703125 0.509765625 0.884765625 0.548828125
0 0.796875 0.46484375 0.8359375 0.42578125 0.796875 0.42578125 0.8359375 0.46484375
0 0.24609375 0.44140625 0.28515625 0.40234375 0.24609375 0.40234375 0.28515625 0.44140625
0 0.396484375 0.24609375 0.435546875 0.20703125 0.396484375 0.20703125 0.435546875 0.24609375
0 0.828125 0.361328125 0.8671875 0.322265625 0.828125 0.322265625 0.8671875 0.361328125
0 0.671875 0.828125 0.7109375 0.7890625 0.671875 0.7890625 0.7109375 0.828125
0 0.326171875 0.486328125 0.365234375 0.447265625 0.326171875 0.447265625 0.365234375 0.486328125
0 0.55859375 0.64453125 0.59765625 0.60546875 0.55859375 0.60546875 0.59765625 0.64453125
0 0.150390625 0.81640625 0.189453125 0.77734375 0.150390625 0.77734375 0.189453125 0.81640625
0 0.798828125 0.205078125 0.837890625 0.166015625 0.798828125 0.166015625 0.837890625 0.205078125
0 0.892578125 0.423828125 0.931640625 0.384765625 0.892578125 0.384765625 0.931640625 0.423828125
