0 0.88671875 0.47265625 0.92578125 0.43359375 0.88671875 0.43359375 0.92578125 0.47265625
0 0.25 0.59375 0.2890625 0.5546875 0.25 0.5546875 0.2890625 0.59375
0 0.548828125 0.283203125 0.587890625 0.244140625 0.548828125 0.244140625 0.587890625 0.283203125
0 0.181640625 0.498046875 0.220703125 0.458984375 0.181640625 0.458984375 0.220703125 0.498046875
0 0.7890625 0.23828125 0.828125 0.19921875 0.7890625 0.19921875 0.828125 0.23828125
0 0.396484375 0.078125 0.435546875 0.0390625 0.396484375 0.0390625 0.435546875 0.078125
0 0.2265625 0.537109375 0.265625 0.498046875 0.2265625 0.498046875 0.265625 0.537109375
0 0.298828125 0.32421875 0.337890625 0.28515625 0.298828125 0.28515625 0.337890625 0.32421875
0 0.080078125 0.453125 0.119140625 0.4140625 0.080078125 0.4140625 0.119140625 0.453125
0 0.4921875 0.720703125 0.53125 0.681640625 0.4921875 0.681640625 0.53125 0.720703125
