0 0.814453125 0.869140625 0.853515625 0.830078125 0.814453125 0.830078125 0.853515625 0.869140625
0 0.609375 0.1484375 0.6484375 0.109375 0.609375 0.109375 0.6484375 0.1484375
0 0.197265625 0.5546875 0.236328125 0.515625 0.197265625 0.515625 0.236328125 0.5546875
0 0.283203125 0.4609375 0.322265625 0.421875 0.283203125 0.421875 0.322265625 0.4609375
0 0.451171875 0.298828125 0.490234375 0.259765625 0.451171875 0.259765625 0.490234375 0.298828125
0 0.390625 0.279296875 0.4296875 0.240234375 0.390625 0.240234375 0.4296875 0.279296875
0 0.859375 0.625 0.8984375 0.5859375 0.859375 0.5859375 0.8984375 0.625
0 0.861328125 0.31640625 0.900390625 0.27734375 0.861328125 0.27734375 0.900390625 0.31640625
0 0.650390625 0.509765625 0.689453125 0.470703125 0.650390625 0.470703125 0.689453125 0.509765625
0 0.89453125 0.630859375 0.93359375 0.591796875 0.89453125 0.591796875 0.93359375 0.630859375
0 0.505859375 0.3671875 0.544921875 0.328125 0.505859375 0.328125 0.544921875 0.3671875
0 0.763671875 0.763671875 0.802734375 0.724609375 0.763671875 0.724609375 0.802734375 0.763671875
0 0.642578125 0.501953125 0.681640625 0.462890625 0.642578125 0.462890625 0.681640625 0.501953125
0 0.6953125 0.80859375 0.734375 0.76953125 0.6953125 0.76953125 0.734375 0.80859375
