0 0.693359375 0.43359375 0.732421875 0.39453125 0.693359375 0.39453125 0.732421875 0.43359375
0 0.54296875 0.134765625 0.58203125 0.095703125 0.54296875 0.095703125 0.58203125 0.134765625
0 0.2890625 0.87109375 0.328125 0.83203125 0.2890625 0.83203125 0.328125 0.87109375
0 0.388671875 0.337890625 0.427734375 0.298828125 0.388671875 0.298828125 0.427734375 0.337890625
0 0.76171875 0.91796875 0.80078125 0.87890625 0.76171875 0.87890625 0.80078125 0.91796875
0 0.630859375 0.326171875 0.669921875 0.287109375 0.630859375 0.287109375 0.669921875 0.326171875
0 0.171875 0.818359375 0.2109375 0.779296875 0.171875 0.779296875 0.2109375 0.818359375
0 0.8359375 0.10546875 0.875 0.06640625 0.8359375 0.06640625 0.875 0.10546875
0 0.79296875 0.734375 0.83203125 0.6953125 0.79296875 0.6953125 0.83203125 0.734375
0 0.716796875 0.654296875 0.755859375 0.615234375 0.716796875 0.615234375 0.755859375 0.654296875
0 0.181640625 0.791015625 0.220703125 0.751953125 0.181640625 0.751953125 0.220703125 0.791015625
0 0.138671875 0.619140625 0.177734375 0.580078125 0.138671875 0.580078125 0.177734375 0.619140625
