0 0.91015625 0.8828125 0.94921875 0.84375 0.91015625 0.84375 0.94921875 0.8828125
0 0.783203125 0.482421875 0.822265625 0.443359375 0.783203125 0.443359375 0.822265625 0.482421875
0 0.419921875 0.287109375 0.458984375 0.248046875 0.419921875 0.248046875 0.458984375 0.287109375
0 0.4375 0.955078125 0.4765625 0.916015625 0.4375 0.916015625 0.4765625 0.955078125
0 0.8046875 0.142578125 0.84375 0.103515625 0.8046875 0.103515625 0.84375 0.142578125
0 0.783203125 0.5 0.822265625 0.4609375 0.783203125 0.4609375 0.822265625 0.5
0 0.568359375 0.818359375 0.607421875 0.779296875 0.568359375 0.779296875 0.607421875 0.818359375
0 0.3984375 0.271484375 0.4375 0.232421875 0.3984375 0.232421875 0.4375 0.271484375
0 0.767578125 0.91796875 0.806640625 0.87890625 0.767578125 0.87890625 0.806640625 0.91796875
0 0.142578125 0.361328125 0.181640625 0.322265625 0.142578125 0.322265625 0.181640625 0.361328125
