0 0.068359375 0.80859375 0.107421875 0.76953125 0.068359375 0.76953125 0.107421875 0.80859375
0 0.89453125 0.94140625 0.93359375 0.90234375 0.89453125 0.90234375 0.93359375 0.94140625
0 0.30859375 0.732421875 0.34765625 0.693359375 0.30859375 0.693359375 0.34765625 0.732421875
0 0.201171875 0.736328125 0.240234375 0.697265625 0.201171875 0.697265625 0.240234375 0.736328125
0 0.541015625 0.25 0.580078125 0.2109375 0.541015625 0.2109375 0.580078125 0.25
0 0.916015625 0.359375 0.955078125 0.3203125 0.916015625 0.3203125 0.955078125 0.359375
0 0.552734375 0.8203125 0.591796875 0.78125 0.552734375 0.78125 0.591796875 0.8203125
0 0.35546875 0.25390625 0.39453125 0.21484375 0.35546875 0.21484375 0.39453125 0.25390625
0 0.48828125 0.84375 0.52734375 0.8046875 0.48828125 0.8046875 0.52734375 0.84375
0 0.419921875 0.25 0.458984375 0.2109375 0.419921875 0.2109375 0.458984375 0.25
0 0.427734375 0.505859375 0.466796875 0.466796875 0.427734375 0.466796875 0.466796875 0.505859375
0 0.896484375 0.814453125 0.935546875 0.775390625 0.896484375 0.775390625 0.935546875 0.814453125
0 0.62109375 0.638671875 0.66015625 0.599609375 0.62109375 0.599609375 0.66015625 0.638671875
