0 0.892578125 0.7421875 0.931640625 0.703125 0.892578125 0.703125 0.931640625 0.7421875
0 0.22265625 0.2890625 0.26171875 0.25 0.22265625 0.25 0.26171875 0.2890625
0 0.38671875 0.755859375 0.42578125 0.716796875 0.38671875 0.716796875 0.42578125 0.755859375
0 0.783203125 0.107421875 0.822265625 0.068359375 0.783203125 0.068359375 0.822265625 0.107421875
0 0.861328125 0.400390625 0.900390625 0.361328125 0.861328125 0.361328125 0.900390625 0.400390625
0 0.7421875 0.37109375 0.78125 0.33203125 0.7421875 0.33203125 0.78125 0.37109375
0 0.39453125 0.259765625 0.43359375 0.220703125 0.39453125 0.220703125 0.43359375 0.259765625
0 0.080078125 0.90234375 0.119140625 0.86328125 0.080078125 0.86328125 0.119140625 0.90234375
0 0.7265625 0.626953125 0.765625 0.587890625 0.7265625 0.587890625 0.765625 0.626953125
0 0.587890625 0.78125 0.626953125 0.7421875 0.587890625 0.7421875 0.626953125 0.78125
0 0.15234375 0.76171875 0.19140625 0.72265625 0.15234375 0.72265625 0.19140625 0.76171875
0 0.486328125 0.4296875 0.525390625 0.390625 0.486328125 0.390625 0.525390625 0.4296875
