0 0.470703125 0.91015625 0.509765625 0.87109375 0.470703125 0.87109375 0.509765625 0.91015625
0 0.3359375 0.78125 0.375 0.7421875 0.3359375 0.7421875 0.375 0.78125
0 0.55078125 0.712890625 0.58984375 0.673828125 0.55078125 0.673828125 0.58984375 0.712890625
0 0.416015625 0.427734375 0.455078125 0.388671875 0.416015625 0.388671875 0.455078125 0.427734375
0 0.72265625 0.921875 0.76171875 0.8828125 0.72265625 0.8828125 0.76171875 0.921875
0 0.845703125 0.7890625 0.884765625 0.75 0.845703125 0.75 0.884765625 0.7890625
0 0.369140625 0.6640625 0.408203125 0.625 0.369140625 0.625 0.408203125 0.6640625
0 0.857421875 0.54296875 0.896484375 0.50390625 0.857421875 0.50390625 0.896484375 0.54296875
0 0.7421875 0.287109375 0.78125 0.248046875 0.7421875 0.248046875 0.78125 0.287109375
0 0.517578125 0.744140625 0.556640625 0.705078125 0.517578125 0.705078125 0.556640625 0.744140625
0 0.21875 0.80859375 0.2578125 0.76953125 0.21875 0.76953125 0.2578125 0.80859375
0 0.271484375 0.357421875 0.310546875 0.318359375 0.271484375 0.318359375 0.310546875 0.357421875
