0 0.509765625 0.935546875 0.548828125 0.896484375 0.509765625 0.896484375 0.548828125 0.935546875
0 0.494140625 0.1796875 0.533203125 0.140625 0.494140625 0.140625 0.533203125 0.1796875
0 0.724609375 0.607421875 0.763671875 0.568359375 0.724609375 0.568359375 0.763671875 0.607421875
0 0.376953125 0.431640625 0.416015625 0.392578125 0.376953125 0.392578125 0.416015625 0.431640625
0 0.92578125 0.55859375 0.96484375 0.51953125 0.92578125 0.51953125 0.96484375 0.55859375
0 0.091796875 0.8671875 0.130859375 0.828125 0.091796875 0.828125 0.130859375 0.8671875
0 0.25390625 0.515625 0.29296875 0.4765625 0.25390625 0.4765625 0.29296875 0.515625
0 0.095703125 0.6171875 0.134765625 0.578125 0.095703125 0.578125 0.134765625 0.6171875
0 0.912109375 0.099609375 0.951171875 0.060546875 0.912109375 0.060546875 0.951171875 0.099609375
0 0.50390625 0.328125 0.54296875 0.2890625 0.50390625 0.2890625 0.54296875 0.328125
