0 0.54296875 0.650390625 0.58203125 0.611328125 0.54296875 0.611328125 0.58203125 0.650390625
0 0.642578125 0.591796875 0.681640625 0.552734375 0.642578125 0.552734375 0.681640625 0.591796875
0 0.6640625 0.2890625 0.703125 0.25 0.6640625 0.25 0.703125 0.2890625
0 0.705078125 0.6796875 0.744140625 0.640625 0.705078125 0.640625 0.744140625 0.6796875
0 0.314453125 0.490234375 0.353515625 0.451171875 0.314453125 0.451171875 0.353515625 0.490234375
0 0.509765625 0.12890625 0.548828125 0.08984375 0.509765625 0.08984375 0.548828125 0.12890625
0 0.740234375 0.431640625 0.779296875 0.392578125 0.740234375 0.392578125 0.779296875 0.431640625
0 0.314453125 0.458984375 0.353515625 0.419921875 0.314453125 0.419921875 0.353515625 0.458984375
0 0.90625 0.51953125 0.9453125 0.48046875 0.90625 0.48046875 0.9453125 0.51953125
0 0.259765625 0.53125 0.298828125 0.4921875 0.259765625 0.4921875 0.298828125 0.53125
0 0.666015625 0.36328125 0.705078125 0.32421875 0.666015625 0.32421875 0.705078125 0.36328125
0 0.814453125 0.24609375 0.853515625 0.20703125 0.814453125 0.20703125 0.853515625 0.24609375
