0 0.775390625 0.822265625 0.814453125 0.783203125 0.775390625 0.783203125 0.814453125 0.822265625
0 0.3125 0.435546875 0.3515625 0.396484375 0.3125 0.396484375 0.3515625 0.435546875
0 0.080078125 0.3046875 0.119140625 0.265625 0.080078125 0.265625 0.119140625 0.3046875
0 0.287109375 0.19921875 0.326171875 0.16015625 0.287109375 0.16015625 0.326171875 0.19921875
0 0.8359375 0.4921875 0.875 0.453125 0.8359375 0.453125 0.875 0.4921875
0 0.681640625 0.271484375 0.720703125 0.232421875 0.681640625 0.232421875 0.720703125 0.271484375
0 0.587890625 0.724609375 0.626953125 0.685546875 0.587890625 0.685546875 0.626953125 0.724609375
0 0.298828125 0.744140625 0.337890625 0.705078125 0.298828125 0.705078125 0.337890625 0.744140625
0 0.744140625 0.69921875 0.783203125 0.66015625 0.744140625 0.66015625 0.783203125 0.69921875
0 0.69921875 0.900390625 0.73828125 0.861328125 0.69921875 0.861328125 0.73828125 0.900390625
0 0.3203125 0.232421875 0.359375 0.193359375 0.3203125 0.193359375 0.359375 0.232421875
0 0.16796875 0.634765625 0.20703125 0.595703125 0.16796875 0.595703125 0.20703125 0.634765625
0 0.056640625 0.427734375 0.095703125 0.388671875 0.056640625 0.388671875 0.095703125 0.427734375
0 0.80078125 0.76953125 0.83984375 0.73046875 0.80078125 0.73046875 0.83984375 0.76953125
