0 0.92578125 0.416015625 0.96484375 0.376953125 0.92578125 0.376953125 0.96484375 0.416015625
0 0.5078125 0.470703125 0.546875 0.431640625 0.5078125 0.431640625 0.546875 0.470703125
0 0.32421875 0.478515625 0.36328125 0.439453125 0.32421875 0.439453125 0.36328125 0.478515625
0 0.3671875 0.103515625 0.40625 0.064453125 0.3671875 0.064453125 0.40625 0.103515625
0 0.4140625 0.7421875 0.453125 0.703125 0.4140625 0.703125 0.453125 0.7421875
0 0.138671875 0.142578125 0.177734375 0.103515625 0.138671875 0.103515625 0.177734375 0.142578125
0 0.677734375 0.908203125 0.716796875 0.869140625 0.677734375 0.869140625 0.716796875 0.908203125
0 0.4453125 0.701171875 0.484375 0.662109375 0.4453125 0.662109375 0.484375 0.701171875
0 0.21875 0.501953125 0.2578125 0.462890625 0.21875 0.462890625 0.2578125 0.501953125
0 0.568359375 0.943359375 0.607421875 0.904296875 0.568359375 0.904296875 0.607421875 0.943359375
0 0.400390625 0.77734375 0.439453125 0.73828125 0.400390625 0.73828125 0.439453125 0.77734375
