0 0.9140625 0.62890625 0.953125 0.58984375 0.9140625 0.58984375 0.953125 0.62890625
0 0.228515625 0.556640625 0.267578125 0.517578125 0.228515625 0.517578125 0.267578125 0.556640625
0 0.6484375 0.400390625 0.6875 0.361328125 0.6484375 0.361328125 0.6875 0.400390625
0 0.404296875 0.62890625 0.443359375 0.58984375 0.404296875 0.58984375 0.443359375 0.62890625
0 0.435546875 0.708984375 0.474609375 0.669921875 0.435546875 0.669921875 0.474609375 0.708984375
0 0.88671875 0.275390625 0.92578125 0.236328125 0.88671875 0.236328125 0.92578125 0.275390625
0 0.75390625 0.30859375 0.79296875 0.26953125 0.75390625 0.26953125 0.79296875 0.30859375
0 0.27734375 0.78125 0.31640625 0.7421875 0.27734375 0.7421875 0.31640625 0.78125
0 0.111328125 0.357421875 0.150390625 0.318359375 0.111328125 0.318359375 0.150390625 0.357421875
0 0.197265625 0.173828125 0.236328125 0.134765625 0.197265625 0.134765625 0.236328125 0.173828125
0 0.474609375 0.552734375 0.513671875 0.513671875 0.474609375 0.513671875 0.513671875 0.552734375
0 0.0390625 0.1171875 0.078125 0.078125 0.0390625 0.078125 0.078125 0.1171875
0 0.484375 0.966796875 0.5234375 0.927734375 0.484375 0.927734375 0.5234375 0.966796875
