0 0.267578125 0.115234375 0.306640625 0.076171875 0.267578125 0.076171875 0.306640625 0.115234375
0 0.125 0.74609375 0.1640625 0.70703125 0.125 0.70703125 0.1640625 0.74609375
0 0.794921875 0.732421875 0.833984375 0.693359375 0.794921875 0.693359375 0.833984375 0.732421875
0 0.552734375 0.12890625 0.591796875 0.08984375 0.552734375 0.08984375 0.591796875 0.12890625
0 0.607421875 0.41796875 0.646484375 0.37890625 0.607421875 0.37890625 0.646484375 0.41796875
0 0.927734375 0.859375 0.966796875 0.8203125 0.927734375 0.8203125 0.966796875 0.859375
0 0.033203125 0.3359375 0.072265625 0.296875 0.033203125 0.296875 0.072265625 0.3359375
0 0.791015625 0.55859375 0.830078125 0.51953125 0.791015625 0.51953125 0.830078125 0.55859375
0 0.107421875 0.23046875 0.146484375 0.19140625 0.107421875 0.19140625 0.146484375 0.23046875
0 0.7265625 0.30078125 0.765625 0.26171875 0.7265625 0.26171875 0.765625 0.30078125
