0 0.927734375 0.240234375 0.966796875 0.201171875 0.927734375 0.201171875 0.966796875 0.240234375
0 0.43359375 0.794921875 0.47265625 0.755859375 0.43359375 0.755859375 0.47265625 0.794921875
0 0.21484375 0.388671875 0.25390625 0.349609375 0.21484375 0.349609375 0.25390625 0.388671875
0 0.2109375 0.142578125 0.25 0.103515625 0.2109375 0.103515625 0.25 0.142578125
0 0.404296875 0.501953125 0.443359375 0.462890625 0.404296875 0.462890625 0.443359375 0.501953125
0 0.466796875 0.33984375 0.505859375 0.30078125 0.466796875 0.30078125 0.505859375 0.33984375
0 0.23046875 0.57421875 0.26953125 0.53515625 0.23046875 0.53515625 0.26953125 0.57421875
0 0.712890625 0.09375 0.751953125 0.0546875 0.712890625 0.0546875 0.751953125 0.09375
0 0.8125 0.091796875 0.8515625 0.052734375 0.8125 0.052734375 0.8515625 0.091796875
0 0.123046875 0.94921875 0.162109375 0.91015625 0.123046875 0.91015625 0.162109375 0.94921875
0 0.5 0.140625 0.5390625 0.1015625 0.5 0.1015625 0.5390625 0.140625
0 0.25 0.20703125 0.2890625 0.16796875 0.25 0.16796875 0.2890625 0.20703125
0 0.1484375 0.837890625 0.1875 0.798828125 0.1484375 0.798828125 0.1875 0.837890625
0 0.9140625 0.2890625 0.953125 0.25 0.9140625 0.25 0.953125 0.2890625
