0 0.6171875 0.580078125 0.65625 0.541015625 0.6171875 0.541015625 0.65625 0.580078125
0 0.607421875 0.478515625 0.646484375 0.439453125 0.607421875 0.439453125 0.646484375 0.478515625
0 0.173828125 0.919921875 0.212890625 0.880859375 0.173828125 0.880859375 0.212890625 0.919921875
0 0.203125 0.248046875 0.2421875 0.208984375 0.203125 0.208984375 0.2421875 0.248046875
0 0.7734375 0.29296875 0.8125 0.25390625 0.7734375 0.25390625 0.8125 0.29296875
0 0.564453125 0.724609375 0.603515625 0.685546875 0.564453125 0.685546875 0.603515625 0.724609375
0 0.09765625 0.5546875 0.13671875 0.515625 0.09765625 0.515625 0.13671875 0.5546875
0 0.17578125 0.67578125 0.21484375 0.63671875 0.17578125 0.63671875 0.21484375 0.67578125
0 0.634765625 0.435546875 0.673828125 0.396484375 0.634765625 0.396484375 0.673828125 0.435546875
0 0.462890625 0.34375 0.501953125 0.3046875 0.462890625 0.3046875 0.501953125 0.34375
0 0.5390625 0.953125 0.578125 0.9140625 0.5390625 0.9140625 0.578125 0.953125
0 0.423828125 0.94140625 0.462890625 0.90234375 0.423828125 0.90234375 0.462890625 0.94140625
