0 0.544921875 0.439453125 0.583984375 0.400390625 0.544921875 0.400390625 0.583984375 0.439453125
0 0.23828125 0.0859375 0.27734375 0.046875 0.23828125 0.046875 0.27734375 0.0859375
0 0.095703125 0.546875 0.134765625 0.5078125 0.095703125 0.5078125 0.134765625 0.546875
0 0.53515625 0.34765625 0.57421875 0.30859375 0.53515625 0.30859375 0.57421875 0.34765625
0 0.05859375 0.396484375 0.09765625 0.357421875 0.05859375 0.357421875 0.09765625 0.396484375
0 0.171875 0.8046875 0.2109375 0.765625 0.171875 0.765625 0.2109375 0.8046875
0 0.134765625 0.208984375 0.173828125 0.169921875 0.134765625 0.169921875 0.173828125 0.208984375
0 0.291015625 0.943359375 0.330078125 0.904296875 0.291015625 0.904296875 0.330078125 0.943359375
0 0.369140625 0.431640625 0.408203125 0.392578125 0.369140625 0.392578125 0.408203125 0.431640625
0 0.6015625 0.51171875 0.640625 0.47265625 0.6015625 0.47265625 0.640625 0.51171875
0 0.599609375 0.509765625 0.638671875 0.470703125 0.599609375 0.470703125 0.638671875 0.509765625
0 0.619140625 0.509765625 0.658203125 0.470703125 0.619140625 0.470703125 0.658203125 0.509765625
0 0.921875 0.5625 0.9609375 0.5234375 0.921875 0.5234375 0.9609375 0.5625
0 0.841796875 0.55859375 0.880859375 0.51953125 0.841796875 0.51953125 0.880859375 0.55859375
