0 0.896484375 0.294921875 0.935546875 0.255859375 0.896484375 0.255859375 0.935546875 0.294921875
0 0.30078125 0.744140625 0.33984375 0.705078125 0.30078125 0.705078125 0.33984375 0.744140625
0 0.12890625 0.115234375 0.16796875 0.076171875 0.12890625 0.076171875 0.16796875 0.115234375
0 0.919921875 0.083984375 0.958984375 0.044921875 0.919921875 0.044921875 0.958984375 0.083984375
0 0.0546875 0.82421875 0.09375 0.78515625 0.0546875 0.78515625 0.09375 0.82421875
0 0.216796875 0.443359375 0.255859375 0.404296875 0.216796875 0.404296875 0.255859375 0.443359375
0 0.8984375 0.28125 0.9375 0.2421875 0.8984375 0.2421875 0.9375 0.28125
0 0.220703125 0.9140625 0.259765625 0.875 0.220703125 0.875 0.259765625 0.9140625
0 0.373046875 0.28515625 0.412109375 0.24609375 0.373046875 0.24609375 0.412109375 0.28515625
0 0.26953125 0.556640625 0.30859375 0.517578125 0.26953125 0.517578125 0.30859375 0.556640625
0 0.80859375 0.806640625 0.84765625 0.767578125 0.80859375 0.767578125 0.84765625 0.806640625
0 0.890625 0.212890625 0.9296875 0.173828125 0.890625 0.173828125 0.9296875 0.212890625
0 0.880859375 0.904296875 0.919921875 0.865234375 0.880859375 0.865234375 0.919921875 0.904296875
