0 0.302734375 0.173828125 0.341796875 0.134765625 0.302734375 0.134765625 0.341796875 0.173828125
0 0.55078125 0.20703125 0.58984375 0.16796875 0.55078125 0.16796875 0.58984375 0.20703125
0 0.67578125 0.115234375 0.71484375 0.076171875 0.67578125 0.076171875 0.71484375 0.115234375
0 0.923828125 0.7109375 0.962890625 0.671875 0.923828125 0.671875 0.962890625 0.7109375
0 0.708984375 0.587890625 0.748046875 0.548828125 0.708984375 0.548828125 0.748046875 0.587890625
0 0.31640625 0.37890625 0.35546875 0.33984375 0.31640625 0.33984375 0.35546875 0.37890625
0 0.337890625 0.33203125 0.376953125 0.29296875 0.337890625 0.29296875 0.376953125 0.33203125
0 0.90625 0.75 0.9453125 0.7109375 0.90625 0.7109375 0.9453125 0.75
0 0.0546875 0.744140625 0.09375 0.705078125 0.0546875 0.705078125 0.09375 0.744140625
0 0.484375 0.435546875 0.5234375 0.396484375 0.484375 0.396484375 0.5234375 0.435546875
0 0.47265625 0.830078125 0.51171875 0.791015625 0.47265625 0.791015625 0.51171875 0.830078125
0 0.162109375 0.369140625 0.201171875 0.330078125 0.162109375 0.330078125 0.201171875 0.369140625
0 0.826171875 0.80078125 0.865234375 0.76171875 0.826171875 0.76171875 0.865234375 0.80078125
0 0.708984375 0.46484375 0.748046875 0.42578125 0.708984375 0.42578125 0.748046875 0.46484375
