0 0.533203125 0.244140625 0.572265625 0.205078125 0.533203125 0.205078125 0.572265625 0.244140625
0 0.138671875 0.328125 0.177734375 0.2890625 0.138671875 0.2890625 0.177734375 0.328125
0 0.419921875 0.580078125 0.458984375 0.541015625 0.419921875 0.541015625 0.458984375 0.580078125
0 0.37890625 0.513671875 0.41796875 0.474609375 0.37890625 0.474609375 0.41796875 0.513671875
0 0.34375 0.259765625 0.3828125 0.220703125 0.34375 0.220703125 0.3828125 0.259765625
0 0.216796875 0.302734375 0.255859375 0.263671875 0.216796875 0.263671875 0.255859375 0.302734375
0 0.490234375 0.142578125 0.529296875 0.103515625 0.490234375 0.103515625 0.529296875 0.142578125
0 0.087890625 0.28515625 0.126953125 0.24609375 0.087890625 0.24609375 0.126953125 0.28515625
0 0.658203125 0.8359375 0.697265625 0.796875 0.658203125 0.796875 0.697265625 0.8359375
0 0.720703125 0.873046875 0.759765625 0.833984375 0.720703125 0.833984375 0.759765625 0.873046875
0 0.8046875 0.669921875 0.84375 0.630859375 0.8046875 0.630859375 0.84375 0.669921875
