0 0.58984375 0.447265625 0.62890625 0.408203125 0.58984375 0.408203125 0.62890625 0.447265625
0 0.791015625 0.822265625 0.830078125 0.783203125 0.791015625 0.783203125 0.830078125 0.822265625
0 0.806640625 0.55859375 0.845703125 0.51953125 0.806640625 0.51953125 0.845703125 0.55859375
0 0.30859375 0.802734375 0.34765625 0.763671875 0.30859375 0.763671875 0.34765625 0.802734375
0 0.771484375 0.681640625 0.810546875 0.642578125 0.771484375 0.642578125 0.810546875 0.681640625
0 0.5234375 0.478515625 0.5625 0.439453125 0.5234375 0.439453125 0.5625 0.478515625
0 0.515625 0.498046875 0.5546875 0.458984375 0.515625 0.458984375 0.5546875 0.498046875
0 0.3984375 0.51953125 0.4375 0.48046875 0.3984375 0.48046875 0.4375 0.51953125
0 0.193359375 0.41015625 0.232421875 0.37109375 0.193359375 0.37109375 0.232421875 0.41015625
0 0.056640625 0.6640625 0.095703125 0.625 0.056640625 0.625 0.095703125 0.6640625
0 0.8828125 0.67578125 0.921875 0.63671875 0.8828125 0.63671875 0.921875 0.67578125
