0 0.31640625 0.6015625 0.35546875 0.5625 0.31640625 0.5625 0.35546875 0.6015625
0 0.30078125 0.251953125 0.33984375 0.212890625 0.30078125 0.212890625 0.33984375 0.251953125
0 0.630859375 0.275390625 0.669921875 0.236328125 0.630859375 0.236328125 0.669921875 0.275390625
0 0.5546875 0.26953125 0.59375 0.23046875 0.5546875 0.23046875 0.59375 0.26953125
0 0.908203125 0.48046875 0.947265625 0.44140625 0.908203125 0.44140625 0.947265625 0.48046875
0 0.765625 0.15234375 0.8046875 0.11328125 0.765625 0.11328125 0.8046875 0.15234375
0 0.115234375 0.666015625 0.154296875 0.626953125 0.115234375 0.626953125 0.154296875 0.666015625
0 0.701171875 0.673828125 0.740234375 0.634765625 0.701171875 0.634765625 0.740234375 0.673828125
0 0.439453125 0.072265625 0.478515625 0.033203125 0.439453125 0.033203125 0.478515625 0.072265625
0 0.44140625 0.26171875 0.48046875 0.22265625 0.44140625 0.22265625 0.48046875 0.26171875
0 0.41015625 0.1328125 0.44921875 0.09375 0.41015625 0.09375 0.44921875 0.1328125
0 0.380859375 0.62109375 0.419921875 0.58203125 0.380859375 0.58203125 0.419921875 0.62109375
