0 0.57421875 0.50390625 0.61328125 0.46484375 0.57421875 0.46484375 0.61328125 0.50390625
0 0.2109375 0.1484375 0.25 0.109375 0.2109375 0.109375 0.25 0.1484375
0 0.51171875 0.1328125 0.55078125 0.09375 0.51171875 0.09375 0.55078125 0.1328125
0 0.09375 0.66796875 0.1328125 0.62890625 0.09375 0.62890625 0.1328125 0.66796875
0 0.28515625 0.96484375 0.32421875 0.92578125 0.28515625 0.92578125 0.32421875 0.96484375
0 0.55859375 0.66796875 0.59765625 0.62890625 0.55859375 0.62890625 0.59765625 0.66796875
0 0.54296875 0.650390625 0.58203125 0.611328125 0.54296875 0.611328125 0.58203125 0.650390625
0 0.375 0.080078125 0.4140625 0.041015625 0.375 0.041015625 0.4140625 0.080078125
0 0.193359375 0.845703125 0.232421875 0.806640625 0.193359375 0.806640625 0.232421875 0.845703125
0 0.28515625 0.78125 0.32421875 0.7421875 0.28515625 0.7421875 0.32421875 0.78125
