0 0.04296875 0.892578125 0.08203125 0.853515625 0.04296875 0.853515625 0.08203125 0.892578125
0 0.3984375 0.869140625 0.4375 0.830078125 0.3984375 0.830078125 0.4375 0.869140625
0 0.572265625 0.57421875 0.611328125 0.53515625 0.572265625 0.53515625 0.611328125 0.57421875
0 0.619140625 0.255859375 0.658203125 0.216796875 0.619140625 0.216796875 0.658203125 0.255859375
0 0.75390625 0.525390625 0.79296875 0.486328125 0.75390625 0.486328125 0.79296875 0.525390625
0 0.107421875 0.8125 0.146484375 0.7734375 0.107421875 0.7734375 0.146484375 0.8125
0 0.302734375 0.9296875 0.341796875 0.890625 0.302734375 0.890625 0.341796875 0.9296875
0 0.849609375 0.318359375 0.888671875 0.279296875 0.849609375 0.279296875 0.888671875 0.318359375
0 0.625 0.29296875 0.6640625 0.25390625 0.625 0.25390625 0.6640625 0.29296875
0 0.16796875 0.31640625 0.20703125 0.27734375 0.16796875 0.27734375 0.20703125 0.31640625
0 0.05859375 0.82421875 0.09765625 0.78515625 0.05859375 0.78515625 0.09765625 0.82421875
0 0.802734375 0.255859375 0.841796875 0.216796875 0.802734375 0.216796875 0.841796875 0.255859375
0 0.53515625 0.91015625 0.57421875 0.87109375 0.53515625 0.87109375 0.57421875 0.91015625
