0 0.27734375 0.13671875 0.31640625 0.09765625 0.27734375 0.09765625 0.31640625 0.13671875
0 0.365234375 0.939453125 0.404296875 0.900390625 0.365234375 0.900390625 0.404296875 0.939453125
0 0.07421875 0.6328125 0.11328125 0.59375 0.07421875 0.59375 0.11328125 0.6328125
0 0.5234375 0.921875 0.5625 0.8828125 0.5234375 0.8828125 0.5625 0.921875
0 0.490234375 0.451171875 0.529296875 0.412109375 0.490234375 0.412109375 0.529296875 0.451171875
0 0.30859375 0.234375 0.34765625 0.1953125 0.30859375 0.1953125 0.34765625 0.234375
0 0.923828125 0.818359375 0.962890625 0.779296875 0.923828125 0.779296875 0.962890625 0.818359375
0 0.25390625 0.48046875 0.29296875 0.44140625 0.25390625 0.44140625 0.29296875 0.48046875
0 0.24609375 0.61328125 0.28515625 0.57421875 0.24609375 0.57421875 0.28515625 0.61328125
0 0.91015625 0.603515625 0.94921875 0.564453125 0.91015625 0.564453125 0.94921875 0.603515625
0 0.12109375 0.4375 0.16015625 0.3984375 0.12109375 0.3984375 0.16015625 0.4375
