0 0.5078125 0.337890625 0.546875 0.298828125 0.5078125 0.298828125 0.546875 0.337890625
0 0.06640625 0.541015625 0.10546875 0.501953125 0.06640625 0.501953125 0.10546875 0.541015625
0 0.412109375 0.181640625 0.451171875 0.142578125 0.412109375 0.142578125 0.451171875 0.181640625
0 0.142578125 0.177734375 0.181640625 0.138671875 0.142578125 0.138671875 0.181640625 0.177734375
0 0.1171875 0.7734375 0.15625 0.734375 0.1171875 0.734375 0.15625 0.7734375
0 0.240234375 0.96875 0.279296875 0.9296875 0.240234375 0.9296875 0.279296875 0.96875
0 0.376953125 0.68359375 0.416015625 0.64453125 0.376953125 0.64453125 0.416015625 0.68359375
0 0.185546875 0.728515625 0.224609375 0.689453125 0.185546875 0.689453125 0.224609375 0.728515625
0 0.26171875 0.4765625 0.30078125 0.4375 0.26171875 0.4375 0.30078125 0.4765625
0 0.8515625 0.423828125 0.890625 0.384765625 0.8515625 0.384765625 0.890625 0.423828125
0 0.916015625 0.953125 0.955078125 0.9140625 0.916015625 0.9140625 0.955078125 0.953125
0 0.35546875 0.689453125 0.39453125 0.650390625 0.35546875 0.650390625 0.39453125 0.689453125
0 0.8203125 0.78125 0.859375 0.7421875 0.8203125 0.7421875 0.859375 0.78125
0 0.23828125 0.568359375 0.27734375 0.529296875 0.23828125 0.529296875 0.27734375 0.568359375
