0 0.322265625 0.078125 0.361328125 0.0390625 0.322265625 0.0390625 0.361328125 0.078125
0 0.26953125 0.91796875 0.30859375 0.87890625 0.26953125 0.87890625 0.30859375 0.91796875
0 0.560546875 0.517578125 0.599609375 0.478515625 0.560546875 0.478515625 0.599609375 0.517578125
0 0.447265625 0.26171875 0.486328125 0.22265625 0.447265625 0.22265625 0.486328125 0.26171875
0 0.68359375 0.56640625 0.72265625 0.52734375 0.68359375 0.52734375 0.72265625 0.56640625
0 0.044921875 0.96484375 0.083984375 0.92578125 0.044921875 0.92578125 0.083984375 0.96484375
0 0.521484375 0.16796875 0.560546875 0.12890625 0.521484375 0.12890625 0.560546875 0.16796875
0 0.29296875 0.83203125 0.33203125 0.79296875 0.29296875 0.79296875 0.33203125 0.83203125
0 0.279296875 0.56640625 0.318359375 0.52734375 0.279296875 0.52734375 0.318359375 0.56640625
0 0.55078125 0.60546875 0.58984375 0.56640625 0.55078125 0.56640625 0.58984375 0.60546875
0 0.322265625 0.712890625 0.361328125 0.673828125 0.322265625 0.673828125 0.361328125 0.712890625
0 0.626953125 0.125 0.666015625 0.0859375 0.626953125 0.0859375 0.666015625 0.125
0 0.61328125 0.072265625 0.65234375 0.033203125 0.61328125 0.033203125 0.65234375 0.072265625
