0 0.265625 0.27734375 0.3046875 0.23828125 0.265625 0.23828125 0.3046875 0.27734375
0 0.453125 0.7109375 0.4921875 0.671875 0.453125 0.671875 0.4921875 0.7109375
0 0.904296875 0.744140625 0.943359375 0.705078125 0.904296875 0.705078125 0.943359375 0.744140625
0 0.341796875 0.587890625 0.380859375 0.548828125 0.341796875 0.548828125 0.380859375 0.587890625
0 0.18359375 0.9296875 0.22265625 0.890625 0.18359375 0.890625 0.22265625 0.9296875
0 0.724609375 0.615234375 0.763671875 0.576171875 0.724609375 0.576171875 0.763671875 0.615234375
0 0.232421875 0.4375 0.271484375 0.3984375 0.232421875 0.3984375 0.271484375 0.4375
0 0.333984375 0.119140625 0.373046875 0.080078125 0.333984375 0.080078125 0.373046875 0.119140625
0 0.091796875 0.068359375 0.130859375 0.029296875 0.091796875 0.029296875 0.130859375 0.068359375
0 0.056640625 0.810546875 0.095703125 0.771484375 0.056640625 0.771484375 0.095703125 0.810546875
0 0.1875 0.076171875 0.2265625 0.037109375 0.1875 0.037109375 0.2265625 0.076171875
