0 0.41796875 0.494140625 0.45703125 0.455078125 0.41796875 0.455078125 0.45703125 0.494140625
0 0.896484375 0.615234375 0.935546875 0.576171875 0.896484375 0.576171875 0.935546875 0.615234375
0 0.26171875 0.873046875 0.30078125 0.833984375 0.26171875 0.833984375 0.30078125 0.873046875
0 0.1171875 0.072265625 0.15625 0.033203125 0.1171875 0.033203125 0.15625 0.072265625
0 0.57421875 0.58984375 0.61328125 0.55078125 0.57421875 0.55078125 0.61328125 0.58984375
0 0.34765625 0.677734375 0.38671875 0.638671875 0.34765625 0.638671875 0.38671875 0.677734375
0 0.7265625 0.65625 0.765625 0.6171875 0.7265625 0.6171875 0.765625 0.65625
0 0.52734375 0.23046875 0.56640625 0.19140625 0.52734375 0.19140625 0.56640625 0.23046875
0 0.505859375 0.203125 0.544921875 0.1640625 0.505859375 0.1640625 0.544921875 0.203125
0 0.228515625 0.494140625 0.267578125 0.455078125 0.228515625 0.455078125 0.267578125 0.494140625
0 0.41796875 0.64453125 0.45703125 0.60546875 0.41796875 0.60546875 0.45703125 0.64453125
0 0.900390625 0.794921875 0.939453125 0.755859375 0.900390625 0.755859375 0.939453125 0.794921875
0 0.861328125 0.921875 0.900390625 0.8828125 0.861328125 0.8828125 0.900390625 0.921875
0 0.833984375 0.32421875 0.873046875 0.28515625 0.833984375 0.28515625 0.873046875 0.32421875
