0 0.05078125 0.8203125 0.08984375 0.78125 0.05078125 0.78125 0.08984375 0.8203125
0 0.18359375 0.55078125 0.22265625 0.51171875 0.18359375 0.51171875 0.22265625 0.55078125
0 0.298828125 0.642578125 0.337890625 0.603515625 0.298828125 0.603515625 0.337890625 0.642578125
0 0.626953125 0.736328125 0.666015625 0.697265625 0.626953125 0.697265625 0.666015625 0.736328125
0 0.384765625 0.552734375 0.423828125 0.513671875 0.384765625 0.513671875 0.423828125 0.552734375
0 0.54296875 0.111328125 0.58203125 0.072265625 0.54296875 0.072265625 0.58203125 0.111328125
0 0.09765625 0.68359375 0.13671875 0.64453125 0.09765625 0.64453125 0.13671875 0.68359375
0 0.033203125 0.189453125 0.072265625 0.150390625 0.033203125 0.150390625 0.072265625 0.189453125
0 0.296875 0.349609375 0.3359375 0.310546875 0.296875 0.310546875 0.3359375 0.349609375
0 0.6796875 0.783203125 0.71875 0.744140625 0.6796875 0.744140625 0.71875 0.783203125
