0 0.291015625 0.884765625 0.330078125 0.845703125 0.291015625 0.845703125 0.330078125 0.884765625
0 0.638671875 0.845703125 0.677734375 0.806640625 0.638671875 0.806640625 0.677734375 0.845703125
0 0.82421875 0.70703125 0.86328125 0.66796875 0.82421875 0.66796875 0.86328125 0.70703125
0 0.548828125 0.6640625 0.587890625 0.625 0.548828125 0.625 0.587890625 0.6640625
0 0.75390625 0.873046875 0.79296875 0.833984375 0.75390625 0.833984375 0.79296875 0.873046875
0 0.197265625 0.330078125 0.236328125 0.291015625 0.197265625 0.291015625 0.236328125 0.330078125
0 0.171875 0.5234375 0.2109375 0.484375 0.171875 0.484375 0.2109375 0.5234375
0 0.826171875 0.9296875 0.865234375 0.890625 0.826171875 0.890625 0.865234375 0.9296875
0 0.49609375 0.927734375 0.53515625 0.888671875 0.49609375 0.888671875 0.53515625 0.927734375
0 0.24609375 0.25390625 0.28515625 0.21484375 0.24609375 0.21484375 0.28515625 0.25390625
0 0.115234375 0.853515625 0.154296875 0.814453125 0.115234375 0.814453125 0.154296875 0.853515625
