0 0.18359375 0.9375 0.22265625 0.8984375 0.18359375 0.8984375 0.22265625 0.9375
0 0.703125 0.658203125 0.7421875 0.619140625 0.703125 0.619140625 0.7421875 0.658203125
0 0.0390625 0.427734375 0.078125 0.388671875 0.0390625 0.388671875 0.078125 0.427734375
0 0.201171875 0.572265625 0.240234375 0.533203125 0.201171875 0.533203125 0.240234375 0.572265625
0 0.08984375 0.248046875 0.12890625 0.208984375 0.08984375 0.208984375 0.12890625 0.248046875
0 0.140625 0.96484375 0.1796875 0.92578125 0.140625 0.92578125 0.1796875 0.96484375
0 0.8671875 0.078125 0.90625 0.0390625 0.8671875 0.0390625 0.90625 0.078125
0 0.291015625 0.43359375 0.330078125 0.39453125 0.291015625 0.39453125 0.330078125 0.43359375
0 0.57421875 0.09765625 0.61328125 0.05859375 0.57421875 0.05859375 0.61328125 0.09765625
0 0.15625 0.798828125 0.1953125 0.759765625 0.15625 0.759765625 0.1953125 0.798828125
0 0.072265625 0.470703125 0.111328125 0.431640625 0.072265625 0.431640625 0.111328125 0.470703125
