0 0.681640625 0.91796875 0.720703125 0.87890625 0.681640625 0.87890625 0.720703125 0.91796875
0 0.435546875 0.775390625 0.474609375 0.736328125 0.435546875 0.736328125 0.474609375 0.775390625
0 0.453125 0.287109375 0.4921875 0.248046875 0.453125 0.248046875 0.4921875 0.287109375
0 0.646484375 0.11328125 0.685546875 0.07421875 0.646484375 0.07421875 0.685546875 0.11328125
0 0.19921875 0.310546875 0.23828125 0.271484375 0.19921875 0.271484375 0.23828125 0.310546875
0 0.3046875 0.24609375 0.34375 0.20703125 0.3046875 0.20703125 0.34375 0.24609375
0 0.45703125 0.646484375 0.49609375 0.607421875 0.45703125 0.607421875 0.49609375 0.646484375
0 0.26953125 0.10546875 0.30859375 0.06640625 0.26953125 0.06640625 0.30859375 0.10546875
0 0.443359375 0.228515625 0.482421875 0.189453125 0.443359375 0.189453125 0.482421875 0.228515625
0 0.494140625 0.662109375 0.533203125 0.623046875 0.494140625 0.623046875 0.533203125 0.662109375
0 0.302734375 0.310546875 0.341796875 0.271484375 0.302734375 0.271484375 0.341796875 0.310546875
0 0.232421875 0.673828125 0.271484375 0.634765625 0.232421875 0.634765625 0.271484375 0.673828125
0 0.69921875 0.2890625 0.73828125 0.25 0.69921875 0.25 0.73828125 0.2890625
