0 0.158203125 0.6328125 0.197265625 0.59375 0.158203125 0.59375 0.197265625 0.6328125
0 0.302734375 0.2578125 0.341796875 0.21875 0.302734375 0.21875 0.341796875 0.2578125
0 0.25390625 0.86328125 0.29296875 0.82421875 0.25390625 0.82421875 0.29296875 0.86328125
0 0.05078125 0.671875 0.08984375 0.6328125 0.05078125 0.6328125 0.08984375 0.671875
0 0.62109375 0.486328125 0.66015625 0.447265625 0.62109375 0.447265625 0.66015625 0.486328125
0 0.716796875 0.845703125 0.755859375 0.806640625 0.716796875 0.806640625 0.755859375 0.845703125
0 0.150390625 0.271484375 0.189453125 0.232421875 0.150390625 0.232421875 0.189453125 0.271484375
0 0.240234375 0.81640625 0.279296875 0.77734375 0.240234375 0.77734375 0.279296875 0.81640625
0 0.634765625 0.533203125 0.673828125 0.494140625 0.634765625 0.494140625 0.673828125 0.533203125
0 0.4765625 0.962890625 0.515625 0.923828125 0.4765625 0.923828125 0.515625 0.962890625
0 0.634765625 0.673828125 0.673828125 0.634765625 0.634765625 0.634765625 0.673828125 0.673828125
0 0.654296875 0.8125 0.693359375 0.7734375 0.654296875 0.7734375 0.693359375 0.8125
