0 0.61328125 0.2109375 0.65234375 0.171875 0.61328125 0.171875 0.65234375 0.2109375
0 0.171875 0.87890625 0.2109375 0.83984375 0.171875 0.83984375 0.2109375 0.87890625
0 0.560546875 0.763671875 0.599609375 0.724609375 0.560546875 0.724609375 0.599609375 0.763671875
0 0.880859375 0.6953125 0.919921875 0.65625 0.880859375 0.65625 0.919921875 0.6953125
0 0.912109375 0.591796875 0.951171875 0.552734375 0.912109375 0.552734375 0.951171875 0.591796875
0 0.806640625 0.146484375 0.845703125 0.107421875 0.806640625 0.107421875 0.845703125 0.146484375
0 0.685546875 0.91015625 0.724609375 0.87109375 0.685546875 0.87109375 0.724609375 0.91015625
0 0.884765625 0.50390625 0.923828125 0.46484375 0.884765625 0.46484375 0.923828125 0.50390625
0 0.056640625 0.68359375 0.095703125 0.64453125 0.056640625 0.64453125 0.095703125 0.68359375
0 0.26171875 0.455078125 0.30078125 0.416015625 0.26171875 0.416015625 0.30078125 0.455078125
