0 0.2578125 0.634765625 0.296875 0.595703125 0.2578125 0.595703125 0.296875 0.634765625
0 0.12890625 0.474609375 0.16796875 0.435546875 0.12890625 0.435546875 0.16796875 0.474609375
0 0.162109375 0.478515625 0.201171875 0.439453125 0.162109375 0.439453125 0.201171875 0.478515625
0 0.05078125 0.52734375 0.08984375 0.48828125 0.05078125 0.48828125 0.08984375 0.52734375
0 0.771484375 0.369140625 0.810546875 0.330078125 0.771484375 0.330078125 0.810546875 0.369140625
0 0.478515625 0.654296875 0.517578125 0.615234375 0.478515625 0.615234375 0.517578125 0.654296875
0 0.91796875 0.373046875 0.95703125 0.333984375 0.91796875 0.333984375 0.95703125 0.373046875
0 0.4765625 0.26953125 0.515625 0.23046875 0.4765625 0.23046875 0.515625 0.26953125
0 0.279296875 0.517578125 0.318359375 0.478515625 0.279296875 0.478515625 0.318359375 0.517578125
0 0.169921875 0.58984375 0.208984375 0.55078125 0.169921875 0.55078125 0.208984375 0.58984375
