0 0.373046875 0.150390625 0.412109375 0.111328125 0.373046875 0.111328125 0.412109375 0.150390625
0 0.572265625 0.23046875 0.611328125 0.19140625 0.572265625 0.19140625 0.611328125 0.23046875
0 0.083984375 0.55078125 0.123046875 0.51171875 0.083984375 0.51171875 0.123046875 0.55078125
0 0.2109375 0.802734375 0.25 0.763671875 0.2109375 0.763671875 0.25 0.802734375
0 0.638671875 0.2265625 0.677734375 0.1875 0.638671875 0.1875 0.677734375 0.2265625
0 0.701171875 0.703125 0.740234375 0.6640625 0.701171875 0.6640625 0.740234375 0.703125
0 0.91015625 0.853515625 0.94921875 0.814453125 0.91015625 0.814453125 0.94921875 0.853515625
0 0.74609375 0.306640625 0.78515625 0.267578125 0.74609375 0.267578125 0.78515625 0.306640625
0 0.458984375 0.75 0.498046875 0.7109375 0.458984375 0.7109375 0.498046875 0.75
0 0.8671875 0.677734375 0.90625 0.638671875 0.8671875 0.638671875 0.90625 0.677734375
0 0.75 0.65234375 0.7890625 0.61328125 0.75 0.61328125 0.7890625 0.65234375
0 0.3359375 0.275390625 0.375 0.236328125 0.3359375 0.236328125 0.375 0.275390625
0 0.041015625 0.958984375 0.080078125 0.919921875 0.041015625 0.919921875 0.080078125 0.958984375
0 0.1875 0.501953125 0.2265625 0.462890625 0.1875 0.462890625 0.2265625 0.501953125
