0 0.05078125 0.93359375 0.08984375 0.89453125 0.05078125 0.89453125 0.08984375 0.93359375
0 0.357421875 0.337890625 0.396484375 0.298828125 0.357421875 0.298828125 0.396484375 0.337890625
0 0.662109375 0.748046875 0.701171875 0.708984375 0.662109375 0.708984375 0.701171875 0.748046875
0 0.396484375 0.8984375 0.435546875 0.859375 0.396484375 0.859375 0.435546875 0.8984375
0 0.37109375 0.25 0.41015625 0.2109375 0.37109375 0.2109375 0.41015625 0.25
0 0.052734375 0.244140625 0.091796875 0.205078125 0.052734375 0.205078125 0.091796875 0.244140625
0 0.06640625 0.806640625 0.10546875 0.767578125 0.06640625 0.767578125 0.10546875 0.806640625
0 0.216796875 0.72265625 0.255859375 0.68359375 0.216796875 0.68359375 0.255859375 0.72265625
0 0.37109375 0.59765625 0.41015625 0.55859375 0.37109375 0.55859375 0.41015625 0.59765625
0 0.765625 0.322265625 0.8046875 0.283203125 0.765625 0.283203125 0.8046875 0.322265625
0 0.44921875 0.759765625 0.48828125 0.720703125 0.44921875 0.720703125 0.48828125 0.759765625
0 0.556640625 0.32421875 0.595703125 0.28515625 0.556640625 0.28515625 0.595703125 0.32421875
