0 0.880859375 0.720703125 0.919921875 0.681640625 0.880859375 0.681640625 0.919921875 0.720703125
0 0.703125 0.93359375 0.7421875 0.89453125 0.703125 0.89453125 0.7421875 0.93359375
0 0.244140625 0.71484375 0.283203125 0.67578125 0.244140625 0.67578125 0.283203125 0.71484375
0 0.58984375 0.525390625 0.62890625 0.486328125 0.58984375 0.486328125 0.62890625 0.525390625
0 0.70703125 0.244140625 0.74609375 0.205078125 0.70703125 0.205078125 0.74609375 0.244140625
0 0.65625 0.943359375 0.6953125 0.904296875 0.65625 0.904296875 0.6953125 0.943359375
0 0.697265625 0.7421875 0.736328125 0.703125 0.697265625 0.703125 0.736328125 0.7421875
0 0.6953125 0.390625 0.734375 0.3515625 0.6953125 0.3515625 0.734375 0.390625
0 0.21875 0.16015625 0.2578125 0.12109375 0.21875 0.12109375 0.2578125 0.16015625
0 0.123046875 0.94921875 0.162109375 0.91015625 0.123046875 0.91015625 0.162109375 0.94921875
0 0.916015625 0.12109375 0.955078125 0.08203125 0.916015625 0.08203125 0.955078125 0.12109375
