0 0.1484375 0.869140625 0.1875 0.830078125 0.1484375 0.830078125 0.1875 0.869140625
0 0.478515625 0.51953125 0.517578125 0.48046875 0.478515625 0.48046875 0.517578125 0.51953125
0 0.54296875 0.75 0.58203125 0.7109375 0.54296875 0.7109375 0.58203125 0.75
0 0.796875 0.6796875 0.8359375 0.640625 0.796875 0.640625 0.8359375 0.6796875
0 0.037109375 0.3359375 0.076171875 0.296875 0.037109375 0.296875 0.076171875 0.3359375
0 0.109375 0.22265625 0.1484375 0.18359375 0.109375 0.18359375 0.1484375 0.22265625
0 0.046875 0.234375 0.0859375 0.1953125 0.046875 0.1953125 0.0859375 0.234375
0 0.23046875 0.955078125 0.26953125 0.916015625 0.23046875 0.916015625 0.26953125 0.955078125
0 0.673828125 0.94921875 0.712890625 0.91015625 0.673828125 0.91015625 0.712890625 0.94921875
0 0.896484375 0.609375 0.935546875 0.5703125 0.896484375 0.5703125 0.935546875 0.609375
0 0.873046875 0.9296875 0.912109375 0.890625 0.873046875 0.890625 0.912109375 0.9296875
