0 0.671875 0.65234375 0.7109375 0.61328125 0.671875 0.61328125 0.7109375 0.65234375
0 0.64453125 0.669921875 0.68359375 0.630859375 0.64453125 0.630859375 0.68359375 0.669921875
0 0.169921875 0.73828125 0.208984375 0.69921875 0.169921875 0.69921875 0.208984375 0.73828125
0 0.43359375 0.853515625 0.47265625 0.814453125 0.43359375 0.814453125 0.47265625 0.853515625
0 0.072265625 0.544921875 0.111328125 0.505859375 0.072265625 0.505859375 0.111328125 0.544921875
0 0.291015625 0.70703125 0.330078125 0.66796875 0.291015625 0.66796875 0.330078125 0.70703125
0 0.390625 0.69921875 0.4296875 0.66015625 0.390625 0.66015625 0.4296875 0.69921875
0 0.60546875 0.669921875 0.64453125 0.630859375 0.60546875 0.630859375 0.64453125 0.669921875
0 0.03125 0.3671875 0.0703125 0.328125 0.03125 0.328125 0.0703125 0.3671875
0 0.095703125 0.103515625 0.134765625 0.064453125 0.095703125 0.064453125 0.134765625 0.103515625
0 0.46875 0.6484375 0.5078125 0.609375 0.46875 0.609375 0.5078125 0.6484375
0 0.43359375 0.947265625 0.47265625 0.908203125 0.43359375 0.908203125 0.47265625 0.947265625
0 0.322265625 0.587890625 0.361328125 0.548828125 0.322265625 0.548828125 0.361328125 0.587890625
0 0.109375 0.318359375 0.1484375 0.279296875 0.109375 0.279296875 0.1484375 0.318359375
