0 0.884765625 0.8046875 0.923828125 0.765625 0.884765625 0.765625 0.923828125 0.8046875
0 0.208984375 0.0859375 0.248046875 0.046875 0.208984375 0.046875 0.248046875 0.0859375
0 0.42578125 0.697265625 0.46484375 0.658203125 0.42578125 0.658203125 0.46484375 0.697265625
0 0.15234375 0.55078125 0.19140625 0.51171875 0.15234375 0.51171875 0.19140625 0.55078125
0 0.259765625 0.822265625 0.298828125 0.783203125 0.259765625 0.783203125 0.298828125 0.822265625
0 0.828125 0.802734375 0.8671875 0.763671875 0.828125 0.763671875 0.8671875 0.802734375
0 0.43359375 0.478515625 0.47265625 0.439453125 0.43359375 0.439453125 0.47265625 0.478515625
0 0.27734375 0.125 0.31640625 0.0859375 0.27734375 0.0859375 0.31640625 0.125
0 0.107421875 0.48828125 0.146484375 0.44921875 0.107421875 0.44921875 0.146484375 0.48828125
0 0.87109375 0.298828125 0.91015625 0.259765625 0.87109375 0.259765625 0.91015625 0.298828125
