0 0.359375 0.693359375 0.3984375 0.654296875 0.359375 0.654296875 0.3984375 0.693359375
0 0.0625 0.61328125 0.1015625 0.57421875 0.0625 0.57421875 0.1015625 0.61328125
0 0.50390625 0.384765625 0.54296875 0.345703125 0.50390625 0.345703125 0.54296875 0.384765625
0 0.55078125 0.419921875 0.58984375 0.380859375 0.55078125 0.380859375 0.58984375 0.419921875
0 0.09765625 0.3359375 0.13671875 0.296875 0.09765625 0.296875 0.13671875 0.3359375
0 0.87890625 0.85546875 0.91796875 0.81640625 0.87890625 0.81640625 0.91796875 0.85546875
0 0.8203125 0.521484375 0.859375 0.482421875 0.8203125 0.482421875 0.859375 0.521484375
0 0.810546875 0.771484375 0.849609375 0.732421875 0.810546875 0.732421875 0.849609375 0.771484375
0 0.80859375 0.83203125 0.84765625 0.79296875 0.80859375 0.79296875 0.84765625 0.83203125
0 0.7109375 0.388671875 0.75 0.349609375 0.7109375 0.349609375 0.75 0.388671875
0 0.619140625 0.388671875 0.658203125 0.349609375 0.619140625 0.349609375 0.658203125 0.388671875
0 0.876953125 0.7421875 0.916015625 0.703125 0.876953125 0.703125 0.916015625 0.7421875
0 0.625 0.494140625 0.6640625 0.455078125 0.625 0.455078125 0.6640625 0.494140625
