0 0.41796875 0.26171875 0.45703125 0.22265625 0.41796875 0.22265625 0.45703125 0.26171875
0 0.146484375 0.328125 0.185546875 0.2890625 0.146484375 0.2890625 0.185546875 0.328125
0 0.7890625 0.59375 0.828125 0.5546875 0.7890625 0.5546875 0.828125 0.59375
0 0.541015625 0.955078125 0.580078125 0.916015625 0.541015625 0.916015625 0.580078125 0.955078125
0 0.76953125 0.31640625 0.80859375 0.27734375 0.76953125 0.27734375 0.80859375 0.31640625
0 0.798828125 0.8515625 0.837890625 0.8125 0.798828125 0.8125 0.837890625 0.8515625
0 0.07421875 0.779296875 0.11328125 0.740234375 0.07421875 0.740234375 0.11328125 0.779296875
0 0.837890625 0.09765625 0.876953125 0.05859375 0.837890625 0.05859375 0.876953125 0.09765625
0 0.380859375 0.576171875 0.419921875 0.537109375 0.380859375 0.537109375 0.419921875 0.576171875
0 0.1875 0.9375 0.2265625 0.8984375 0.1875 0.8984375 0.2265625 0.9375
0 0.90234375 0.533203125 0.94140625 0.494140625 0.90234375 0.494140625 0.94140625 0.533203125
0 0.328125 0.6484375 0.3671875 0.609375 0.328125 0.609375 0.3671875 0.6484375
0 0.548828125 0.2578125 0.587890625 0.21875 0.548828125 0.21875 0.587890625 0.2578125
0 0.849609375 0.67578125 0.888671875 0.63671875 0.849609375 0.63671875 0.888671875 0.67578125
