0 0.1953125 0.8828125 0.234375 0.84375 0.1953125 0.84375 0.234375 0.8828125
0 0.37109375 0.3828125 0.41015625 0.34375 0.37109375 0.34375 0.41015625 0.3828125
0 0.783203125 0.37109375 0.822265625 0.33203125 0.783203125 0.33203125 0.822265625 0.37109375
0 0.900390625 0.740234375 0.939453125 0.701171875 0.900390625 0.701171875 0.939453125 0.740234375
0 0.0703125 0.890625 0.109375 0.8515625 0.0703125 0.8515625 0.109375 0.890625
0 0.04296875 0.8046875 0.08203125 0.765625 0.04296875 0.765625 0.08203125 0.8046875
0 0.1875 0.59375 0.2265625 0.5546875 0.1875 0.5546875 0.2265625 0.59375
0 0.310546875 0.099609375 0.349609375 0.060546875 0.310546875 0.060546875 0.349609375 0.099609375
0 0.8671875 0.42578125 0.90625 0.38671875 0.8671875 0.38671875 0.90625 0.42578125
0 0.576171875 0.146484375 0.615234375 0.107421875 0.576171875 0.107421875 0.615234375 0.146484375
0 0.08984375 0.3515625 0.12890625 0.3125 0.08984375 0.3125 0.12890625 0.3515625
0 0.36328125 0.88671875 0.40234375 0.84765625 0.36328125 0.84765625 0.40234375 0.88671875
0 0.673828125 0.06640625 0.712890625 0.02734375 0.673828125 0.02734375 0.712890625 0.06640625
0 0.708984375 0.646484375 0.748046875 0.607421875 0.708984375 0.607421875 0.748046875 0.646484375
