0 0.119140625 0.6796875 0.158203125 0.640625 0.119140625 0.640625 0.158203125 0.6796875
0 0.83203125 0.83984375 0.87109375 0.80078125 0.83203125 0.80078125 0.87109375 0.83984375
0 0.15625 0.888671875 0.1953125 0.849609375 0.15625 0.849609375 0.1953125 0.888671875
0 0.21484375 0.43359375 0.25390625 0.39453125 0.21484375 0.39453125 0.25390625 0.43359375
0 0.34375 0.587890625 0.3828125 0.548828125 0.34375 0.548828125 0.3828125 0.587890625
0 0.662109375 0.41796875 0.701171875 0.37890625 0.662109375 0.37890625 0.701171875 0.41796875
0 0.302734375 0.259765625 0.341796875 0.220703125 0.302734375 0.220703125 0.341796875 0.259765625
0 0.30078125 0.306640625 0.33984375 0.267578125 0.30078125 0.267578125 0.33984375 0.306640625
0 0.056640625 0.57421875 0.095703125 0.53515625 0.056640625 0.53515625 0.095703125 0.57421875
0 0.73046875 0.078125 0.76953125 0.0390625 0.73046875 0.0390625 0.76953125 0.078125
