0 0.673828125 0.2421875 0.712890625 0.203125 0.673828125 0.203125 0.712890625 0.2421875
0 0.63671875 0.58984375 0.67578125 0.55078125 0.63671875 0.55078125 0.67578125 0.58984375
0 0.583984375 0.28125 0.623046875 0.2421875 0.583984375 0.2421875 0.623046875 0.28125
0 0.1171875 0.41015625 0.15625 0.37109375 0.1171875 0.37109375 0.15625 0.41015625
0 0.14453125 0.4921875 0.18359375 0.453125 0.14453125 0.453125 0.18359375 0.4921875
0 0.39453125 0.81640625 0.43359375 0.77734375 0.39453125 0.77734375 0.43359375 0.81640625
0 0.166015625 0.353515625 0.205078125 0.314453125 0.166015625 0.314453125 0.205078125 0.353515625
0 0.046875 0.1484375 0.0859375 0.109375 0.046875 0.109375 0.0859375 0.1484375
0 0.5859375 0.5234375 0.625 0.484375 0.5859375 0.484375 0.625 0.5234375
0 0.5234375 0.0703125 0.5625 0.03125 0.5234375 0.03125 0.5625 0.0703125
