0 0.48828125 0.615234375 0.52734375 0.576171875 0.48828125 0.576171875 0.52734375 0.615234375
0 0.904296875 0.08984375 0.943359375 0.05078125 0.904296875 0.05078125 0.943359375 0.08984375
0 0.046875 0.5546875 0.0859375 0.515625 0.046875 0.515625 0.0859375 0.5546875
0 0.255859375 0.32421875 0.294921875 0.28515625 0.255859375 0.28515625 0.294921875 0.32421875
0 0.08203125 0.466796875 0.12109375 0.427734375 0.08203125 0.427734375 0.12109375 0.466796875
0 0.279296875 0.958984375 0.318359375 0.919921875 0.279296875 0.919921875 0.318359375 0.958984375
0 0.486328125 0.310546875 0.525390625 0.271484375 0.486328125 0.271484375 0.525390625 0.310546875
0 0.095703125 0.80078125 0.134765625 0.76171875 0.095703125 0.76171875 0.134765625 0.80078125
0 0.177734375 0.12890625 0.216796875 0.08984375 0.177734375 0.08984375 0.216796875 0.12890625
0 0.158203125 0.79296875 0.197265625 0.75390625 0.158203125 0.75390625 0.197265625 0.79296875
0 0.69921875 0.162109375 0.73828125 0.123046875 0.69921875 0.123046875 0.73828125 0.162109375
0 0.1328125 0.857421875 0.171875 0.818359375 0.1328125 0.818359375 0.171875 0.857421875
0 0.36328125 0.576171875 0.40234375 0.537109375 0.36328125 0.537109375 0.40234375 0.576171875
