0 0.298828125 0.955078125 0.337890625 0.916015625 0.298828125 0.916015625 0.337890625 0.955078125
0 0.556640625 0.447265625 0.595703125 0.408203125 0.556640625 0.408203125 0.595703125 0.447265625
0 0.751953125 0.68359375 0.791015625 0.64453125 0.751953125 0.64453125 0.791015625 0.68359375
0 0.33984375 0.234375 0.37890625 0.1953125 0.33984375 0.1953125 0.37890625 0.234375
0 0.884765625 0.9140625 0.923828125 0.875 0.884765625 0.875 0.923828125 0.9140625
0 0.818359375 0.71875 0.857421875 0.6796875 0.818359375 0.6796875 0.857421875 0.71875
0 0.46875 0.333984375 0.5078125 0.294921875 0.46875 0.294921875 0.5078125 0.333984375
0 0.62109375 0.478515625 0.66015625 0.439453125 0.62109375 0.439453125 0.66015625 0.478515625
0 0.09375 0.80859375 0.1328125 0.76953125 0.09375 0.76953125 0.1328125 0.80859375
0 0.705078125 0.818359375 0.744140625 0.779296875 0.705078125 0.779296875 0.744140625 0.818359375
0 0.71875 0.2265625 0.7578125 0.1875 0.71875 0.1875 0.7578125 0.2265625
0 0.701171875 0.5859375 0.740234375 0.546875 0.701171875 0.546875 0.740234375 0.5859375
0 0.92578125 0.158203125 0.96484375 0.119140625 0.92578125 0.119140625 0.96484375 0.158203125
0 0.265625 0.580078125 0.3046875 0.541015625 0.265625 0.541015625 0.3046875 0.580078125
