0 0.42578125 0.861328125 0.46484375 0.822265625 0.42578125 0.822265625 0.46484375 0.861328125
0 0.03125 0.583984375 0.0703125 0.544921875 0.03125 0.544921875 0.0703125 0.583984375
0 0.103515625 0.3359375 0.142578125 0.296875 0.103515625 0.296875 0.142578125 0.3359375
0 0.0546875 0.876953125 0.09375 0.837890625 0.0546875 0.837890625 0.09375 0.876953125
0 0.6328125 0.494140625 0.671875 0.455078125 0.6328125 0.455078125 0.671875 0.494140625
0 0.150390625 0.0703125 0.189453125 0.03125 0.150390625 0.03125 0.189453125 0.0703125
0 0.533203125 0.70703125 0.572265625 0.66796875 0.533203125 0.66796875 0.572265625 0.70703125
0 0.21875 0.787109375 0.2578125 0.748046875 0.21875 0.748046875 0.2578125 0.787109375
0 0.1171875 0.373046875 0.15625 0.333984375 0.1171875 0.333984375 0.15625 0.373046875
0 0.25 0.53125 0.2890625 0.4921875 0.25 0.4921875 0.2890625 0.53125
0 0.091796875 0.8359375 0.130859375 0.796875 0.091796875 0.796875 0.130859375 0.8359375
0 0.7578125 0.173828125 0.796875 0.134765625 0.7578125 0.134765625 0.796875 0.173828125
0 0.708984375 0.158203125 0.748046875 0.119140625 0.708984375 0.119140625 0.748046875 0.158203125
0 0.59765625 0.501953125 0.63671875 0.462890625 0.59765625 0.462890625 0.63671875 0.501953125
