0 0.19140625 0.6640625 0.23046875 0.625 0.19140625 0.625 0.23046875 0.6640625
0 0.384765625 0.94140625 0.423828125 0.90234375 0.384765625 0.90234375 0.423828125 0.94140625
0 0.861328125 0.205078125 0.900390625 0.166015625 0.861328125 0.166015625 0.900390625 0.205078125
0 0.4609375 0.138671875 0.5 0.099609375 0.4609375 0.099609375 0.5 0.138671875
0 0.91796875 0.5 0.95703125 0.4609375 0.91796875 0.4609375 0.95703125 0.5
0 0.076171875 0.8203125 0.115234375 0.78125 0.076171875 0.78125 0.115234375 0.8203125
0 0.05078125 0.63671875 0.08984375 0.59765625 0.05078125 0.59765625 0.08984375 0.63671875
0 0.353515625 0.408203125 0.392578125 0.369140625 0.353515625 0.369140625 0.392578125 0.408203125
0 0.44921875 0.251953125 0.48828125 0.212890625 0.44921875 0.212890625 0.48828125 0.251953125
0 0.0390625 0.51171875 0.078125 0.47265625 0.0390625 0.47265625 0.078125 0.51171875
0 0.212890625 0.763671875 0.251953125 0.724609375 0.212890625 0.724609375 0.251953125 0.763671875
0 0.58203125 0.70703125 0.62109375 0.66796875 0.58203125 0.66796875 0.62109375 0.70703125
0 0.52734375 0.890625 0.56640625 0.8515625 0.52734375 0.8515625 0.56640625 0.890625
0 0.36328125 0.30859375 0.40234375 0.26953125 0.36328125 0.26953125 0.40234375 0.30859375
