0 0.861328125 0.38671875 0.900390625 0.34765625 0.861328125 0.34765625 0.900390625 0.38671875
0 0.1796875 0.26953125 0.21875 0.23046875 0.1796875 0.23046875 0.21875 0.26953125
0 0.099609375 0.64453125 0.138671875 0.60546875 0.099609375 0.60546875 0.138671875 0.64453125
0 0.611328125 0.57421875 0.650390625 0.53515625 0.611328125 0.53515625 0.650390625 0.57421875
0 0.365234375 0.462890625 0.404296875 0.423828125 0.365234375 0.423828125 0.404296875 0.462890625
0 0.84375 0.447265625 0.8828125 0.408203125 0.84375 0.408203125 0.8828125 0.447265625
0 0.330078125 0.525390625 0.369140625 0.486328125 0.330078125 0.486328125 0.369140625 0.525390625
0 0.6953125 0.41796875 0.734375 0.37890625 0.6953125 0.37890625 0.734375 0.41796875
0 0.1796875 0.5546875 0.21875 0.515625 0.1796875 0.515625 0.21875 0.5546875
0 0.232421875 0.2265625 0.271484375 0.1875 0.232421875 0.1875 0.271484375 0.2265625
0 0.39453125 0.533203125 0.43359375 0.494140625 0.39453125 0.494140625 0.43359375 0.533203125
0 0.55859375 0.80859375 0.59765625 0.76953125 0.55859375 0.76953125 0.59765625 0.80859375
0 0.234375 0.45703125 0.2734375 0.41796875 0.234375 0.41796875 0.2734375 0.45703125
