0 0.583984375 0.537109375 0.623046875 0.498046875 0.583984375 0.498046875 0.623046875 0.537109375
0 0.498046875 0.69921875 0.537109375 0.66015625 0.498046875 0.66015625 0.537109375 0.69921875
0 0.61328125 0.244140625 0.65234375 0.205078125 0.61328125 0.205078125 0.65234375 0.244140625
0 0.83984375 0.396484375 0.87890625 0.357421875 0.83984375 0.357421875 0.87890625 0.396484375
0 0.0859375 0.73828125 0.125 0.69921875 0.0859375 0.69921875 0.125 0.73828125
0 0.400390625 0.431640625 0.439453125 0.392578125 0.400390625 0.392578125 0.439453125 0.431640625
0 0.078125 0.505859375 0.1171875 0.466796875 0.078125 0.466796875 0.1171875 0.505859375
0 0.927734375 0.880859375 0.966796875 0.841796875 0.927734375 0.841796875 0.966796875 0.880859375
0 0.4140625 0.84765625 0.453125 0.80859375 0.4140625 0.80859375 0.453125 0.84765625
0 0.095703125 0.892578125 0.134765625 0.853515625 0.095703125 0.853515625 0.134765625 0.892578125
0 0.61328125 0.248046875 0.65234375 0.208984375 0.61328125 0.208984375 0.65234375 0.248046875
0 0.3359375 0.326171875 0.375 0.287109375 0.3359375 0.287109375 0.375 0.326171875
0 0.892578125 0.9453125 0.931640625 0.90625 0.892578125 0.90625 0.931640625 0.9453125
0 0.681640625 0.1640625 0.720703125 0.125 0.681640625 0.125 0.720703125 0.1640625
