0 0.10546875 0.916015625 0.14453125 0.876953125 0.10546875 0.876953125 0.14453125 0.916015625
0 0.119140625 0.705078125 0.158203125 0.666015625 0.119140625 0.666015625 0.158203125 0.705078125
0 0.541015625 0.34375 0.580078125 0.3046875 0.541015625 0.3046875 0.580078125 0.34375
0 0.0859375 0.779296875 0.125 0.740234375 0.0859375 0.740234375 0.125 0.779296875
0 0.875 0.7578125 0.9140625 0.71875 0.875 0.71875 0.9140625 0.7578125
0 0.46875 0.845703125 0.5078125 0.806640625 0.46875 0.806640625 0.5078125 0.845703125
0 0.611328125 0.91015625 0.650390625 0.87109375 0.611328125 0.87109375 0.650390625 0.91015625
0 0.73046875 0.76171875 0.76953125 0.72265625 0.73046875 0.72265625 0.76953125 0.76171875
0 0.568359375 0.58984375 0.607421875 0.55078125 0.568359375 0.55078125 0.607421875 0.58984375
0 0.376953125 0.56640625 0.416015625 0.52734375 0.376953125 0.52734375 0.416015625 0.56640625
0 0.158203125 0.421875 0.197265625 0.3828125 0.158203125 0.3828125 0.197265625 0.421875
0 0.578125 0.21875 0.6171875 0.1796875 0.578125 0.1796875 0.6171875 0.21875
0 0.84765625 0.826171875 0.88671875 0.787109375 0.84765625 0.787109375 0.88671875 0.826171875
0 0.25390625 0.85546875 0.29296875 0.81640625 0.25390625 0.81640625 0.29296875 0.85546875
