0 0.455078125 0.439453125 0.494140625 0.400390625 0.455078125 0.400390625 0.494140625 0.439453125
0 0.412109375 0.74609375 0.451171875 0.70703125 0.412109375 0.70703125 0.451171875 0.74609375
0 0.912109375 0.69921875 0.951171875 0.66015625 0.912109375 0.66015625 0.951171875 0.69921875
0 0.548828125 0.349609375 0.587890625 0.310546875 0.548828125 0.310546875 0.587890625 0.349609375
0 0.7578125 0.873046875 0.796875 0.833984375 0.7578125 0.833984375 0.796875 0.873046875
0 0.76953125 0.853515625 0.80859375 0.814453125 0.76953125 0.814453125 0.80859375 0.853515625
0 0.806640625 0.302734375 0.845703125 0.263671875 0.806640625 0.263671875 0.845703125 0.302734375
0 0.408203125 0.37109375 0.447265625 0.33203125 0.408203125 0.33203125 0.447265625 0.37109375
0 0.54296875 0.3125 0.58203125 0.2734375 0.54296875 0.2734375 0.58203125 0.3125
0 0.751953125 0.73046875 0.791015625 0.69140625 0.751953125 0.69140625 0.791015625 0.73046875
0 0.779296875 0.42578125 0.818359375 0.38671875 0.779296875 0.38671875 0.818359375 0.42578125
0 0.150390625 0.33984375 0.189453125 0.30078125 0.150390625 0.30078125 0.189453125 0.33984375
0 0.76953125 0.943359375 0.80859375 0.904296875 0.76953125 0.904296875 0.80859375 0.943359375
0 0.7109375 0.150390625 0.75 0.111328125 0.7109375 0.111328125 0.75 0.150390625
