0 0.84375 0.802734375 0.8828125 0.763671875 0.84375 0.763671875 0.8828125 0.802734375
0 0.076171875 0.6171875 0.115234375 0.578125 0.076171875 0.578125 0.115234375 0.6171875
0 0.69140625 0.36328125 0.73046875 0.32421875 0.69140625 0.32421875 0.73046875 0.36328125
0 0.69140625 0.466796875 0.73046875 0.427734375 0.69140625 0.427734375 0.73046875 0.466796875
0 0.84375 0.787109375 0.8828125 0.748046875 0.84375 0.748046875 0.8828125 0.787109375
0 0.76171875 0.525390625 0.80078125 0.486328125 0.76171875 0.486328125 0.80078125 0.525390625
0 0.62109375 0.326171875 0.66015625 0.287109375 0.62109375 0.287109375 0.66015625 0.326171875
0 0.044921875 0.802734375 0.083984375 0.763671875 0.044921875 0.763671875 0.083984375 0.802734375
0 0.443359375 0.56640625 0.482421875 0.52734375 0.443359375 0.52734375 0.482421875 0.56640625
0 0.3984375 0.587890625 0.4375 0.548828125 0.3984375 0.548828125 0.4375 0.587890625
0 0.177734375 0.236328125 0.216796875 0.197265625 0.177734375 0.197265625 0.216796875 0.236328125
0 0.849609375 0.505859375 0.888671875 0.466796875 0.849609375 0.466796875 0.888671875 0.505859375
