0 0.431640625 0.697265625 0.470703125 0.658203125 0.431640625 0.658203125 0.470703125 0.697265625
0 0.22265625 0.4921875 0.26171875 0.453125 0.22265625 0.453125 0.26171875 0.4921875
0 0.544921875 0.451171875 0.583984375 0.412109375 0.544921875 0.412109375 0.583984375 0.451171875
0 0.5234375 0.201171875 0.5625 0.162109375 0.5234375 0.162109375 0.5625 0.201171875
0 0.310546875 0.412109375 0.349609375 0.373046875 0.310546875 0.373046875 0.349609375 0.412109375
0 0.19140625 0.787109375 0.23046875 0.748046875 0.19140625 0.748046875 0.23046875 0.787109375
0 0.607421875 0.904296875 0.646484375 0.865234375 0.607421875 0.865234375 0.646484375 0.904296875
0 0.255859375 0.765625 0.294921875 0.7265625 0.255859375 0.7265625 0.294921875 0.765625
0 0.54296875 0.197265625 0.58203125 0.158203125 0.54296875 0.158203125 0.58203125 0.197265625
0 0.408203125 0.55078125 0.447265625 0.51171875 0.408203125 0.51171875 0.447265625 0.55078125
