0 0.275390625 0.255859375 0.314453125 0.216796875 0.275390625 0.216796875 0.314453125 0.255859375
0 0.5390625 0.6171875 0.578125 0.578125 0.5390625 0.578125 0.578125 0.6171875
0 0.857421875 0.3828125 0.896484375 0.34375 0.857421875 0.34375 0.896484375 0.3828125
0 0.61328125 0.505859375 0.65234375 0.466796875 0.61328125 0.466796875 0.65234375 0.505859375
0 0.82421875 0.6640625 0.86328125 0.625 0.82421875 0.625 0.86328125 0.6640625
0 0.23046875 0.380859375 0.26953125 0.341796875 0.23046875 0.341796875 0.26953125 0.380859375
0 0.201171875 0.87109375 0.240234375 0.83203125 0.201171875 0.83203125 0.240234375 0.87109375
0 0.333984375 0.150390625 0.373046875 0.111328125 0.333984375 0.111328125 0.373046875 0.150390625
0 0.900390625 0.09375 0.939453125 0.0546875 0.900390625 0.0546875 0.939453125 0.09375
0 0.59765625 0.517578125 0.63671875 0.478515625 0.59765625 0.478515625 0.63671875 0.517578125
0 0.64453125 0.076171875 0.68359375 0.037109375 0.64453125 0.037109375 0.68359375 0.076171875
