0 0.306640625 0.380859375 0.345703125 0.341796875 0.306640625 0.341796875 0.345703125 0.380859375
0 0.66796875 0.26953125 0.70703125 0.23046875 0.66796875 0.23046875 0.70703125 0.26953125
0 0.8828125 0.390625 0.921875 0.3515625 0.8828125 0.3515625 0.921875 0.390625
0 0.53515625 0.828125 0.57421875 0.7890625 0.53515625 0.7890625 0.57421875 0.828125
0 0.232421875 0.4921875 0.271484375 0.453125 0.232421875 0.453125 0.271484375 0.4921875
0 0.869140625 0.1328125 0.908203125 0.09375 0.869140625 0.09375 0.908203125 0.1328125
0 0.09765625 0.2109375 0.13671875 0.171875 0.09765625 0.171875 0.13671875 0.2109375
0 0.876953125 0.59765625 0.916015625 0.55859375 0.876953125 0.55859375 0.916015625 0.59765625
0 0.677734375 0.28125 0.716796875 0.2421875 0.677734375 0.2421875 0.716796875 0.28125
0 0.078125 0.181640625 0.1171875 0.142578125 0.078125 0.142578125 0.1171875 0.181640625
0 0.8046875 0.818359375 0.84375 0.779296875 0.8046875 0.779296875 0.84375 0.818359375
0 0.05859375 0.376953125 0.09765625 0.337890625 0.05859375 0.337890625 0.09765625 0.376953125
0 0.208984375 0.626953125 0.248046875 0.587890625 0.208984375 0.587890625 0.248046875 0.626953125
0 0.060546875 0.615234375 0.099609375 0.576171875 0.060546875 0.576171875 0.099609375 0.615234375
