0 0.5625 0.365234375 0.6015625 0.326171875 0.5625 0.326171875 0.6015625 0.365234375
0 0.267578125 0.849609375 0.306640625 0.810546875 0.267578125 0.810546875 0.306640625 0.849609375
0 0.55078125 0.82421875 0.58984375 0.78515625 0.55078125 0.78515625 0.58984375 0.82421875
0 0.099609375 0.560546875 0.138671875 0.521484375 0.099609375 0.521484375 0.138671875 0.560546875
0 0.154296875 0.654296875 0.193359375 0.615234375 0.154296875 0.615234375 0.193359375 0.654296875
0 0.265625 0.080078125 0.3046875 0.041015625 0.265625 0.041015625 0.3046875 0.080078125
0 0.513671875 0.279296875 0.552734375 0.240234375 0.513671875 0.240234375 0.552734375 0.279296875
0 0.876953125 0.447265625 0.916015625 0.408203125 0.876953125 0.408203125 0.916015625 0.447265625
0 0.076171875 0.216796875 0.115234375 0.177734375 0.076171875 0.177734375 0.115234375 0.216796875
0 0.6796875 0.69921875 0.71875 0.66015625 0.6796875 0.66015625 0.71875 0.69921875
