0 0.12890625 0.39453125 0.16796875 0.35546875 0.12890625 0.35546875 0.16796875 0.39453125
0 0.166015625 0.908203125 0.205078125 0.869140625 0.166015625 0.869140625 0.205078125 0.908203125
0 0.29296875 0.306640625 0.33203125 0.267578125 0.29296875 0.267578125 0.33203125 0.306640625
0 0.447265625 0.37109375 0.486328125 0.33203125 0.447265625 0.33203125 0.486328125 0.37109375
0 0.7578125 0.66796875 0.796875 0.62890625 0.7578125 0.62890625 0.796875 0.66796875
0 0.568359375 0.7421875 0.607421875 0.703125 0.568359375 0.703125 0.607421875 0.7421875
0 0.12109375 0.783203125 0.16015625 0.744140625 0.12109375 0.744140625 0.16015625 0.783203125
0 0.146484375 0.595703125 0.185546875 0.556640625 0.146484375 0.556640625 0.185546875 0.595703125
0 0.302734375 0.4609375 0.341796875 0.421875 0.302734375 0.421875 0.341796875 0.4609375
0 0.23828125 0.626953125 0.27734375 0.587890625 0.23828125 0.587890625 0.27734375 0.626953125
0 0.595703125 0.443359375 0.634765625 0.404296875 0.595703125 0.404296875 0.634765625 0.443359375
0 0.236328125 0.65234375 0.275390625 0.61328125 0.236328125 0.61328125 0.275390625 0.65234375
0 0.2109375 0.626953125 0.25 0.587890625 0.2109375 0.587890625 0.25 0.626953125
0 0.380859375 0.630859375 0.419921875 0.591796875 0.380859375 0.591796875 0.419921875 0.630859375
