0 0.626953125 0.5859375 0.666015625 0.546875 0.626953125 0.546875 0.666015625 0.5859375
0 0.16015625 0.6015625 0.19921875 0.5625 0.16015625 0.5625 0.19921875 0.6015625
0 0.78125 0.498046875 0.8203125 0.458984375 0.78125 0.458984375 0.8203125 0.498046875
0 0.892578125 0.421875 0.931640625 0.3828125 0.892578125 0.3828125 0.931640625 0.421875
0 0.548828125 0.703125 0.587890625 0.6640625 0.548828125 0.6640625 0.587890625 0.703125
0 0.447265625 0.140625 0.486328125 0.1015625 0.447265625 0.1015625 0.486328125 0.140625
0 0.12890625 0.892578125 0.16796875 0.853515625 0.12890625 0.853515625 0.16796875 0.892578125
0 0.1015625 0.4765625 0.140625 0.4375 0.1015625 0.4375 0.140625 0.4765625
0 0.876953125 0.9375 0.916015625 0.8984375 0.876953125 0.8984375 0.916015625 0.9375
0 0.1484375 0.630859375 0.1875 0.591796875 0.1484375 0.591796875 0.1875 0.630859375
0 0.8671875 0.095703125 0.90625 0.056640625 0.8671875 0.056640625 0.90625 0.095703125
0 0.4453125 0.615234375 0.484375 0.576171875 0.4453125 0.576171875 0.484375 0.615234375
0 0.6953125 0.375 0.734375 0.3359375 0.6953125 0.3359375 0.734375 0.375
0 0.736328125 0.373046875 0.775390625 0.333984375 0.736328125 0.333984375 0.775390625 0.373046875
