0 0.53515625 0.12109375 0.57421875 0.08203125 0.53515625 0.08203125 0.57421875 0.12109375
0 0.87890625 0.71875 0.91796875 0.6796875 0.87890625 0.6796875 0.91796875 0.71875
0 0.576171875 0.8828125 0.615234375 0.84375 0.576171875 0.84375 0.615234375 0.8828125
0 0.72265625 0.275390625 0.76171875 0.236328125 0.72265625 0.236328125 0.76171875 0.275390625
0 0.76171875 0.541015625 0.80078125 0.501953125 0.76171875 0.501953125 0.80078125 0.541015625
0 0.279296875 0.30078125 0.318359375 0.26171875 0.279296875 0.26171875 0.318359375 0.30078125
0 0.248046875 0.669921875 0.287109375 0.630859375 0.248046875 0.630859375 0.287109375 0.669921875
0 0.6171875 0.798828125 0.65625 0.759765625 0.6171875 0.759765625 0.65625 0.798828125
0 0.130859375 0.869140625 0.169921875 0.830078125 0.130859375 0.830078125 0.169921875 0.869140625
0 0.59765625 0.861328125 0.63671875 0.822265625 0.59765625 0.822265625 0.63671875 0.861328125
0 0.666015625 0.55078125 0.705078125 0.51171875 0.666015625 0.51171875 0.705078125 0.55078125
0 0.830078125 0.578125 0.869140625 0.5390625 0.830078125 0.5390625 0.869140625 0.578125
