0 0.927734375 0.88671875 0.966796875 0.84765625 0.927734375 0.84765625 0.966796875 0.88671875
0 0.48046875 0.7421875 0.51953125 0.703125 0.48046875 0.703125 0.51953125 0.7421875
0 0.62890625 0.4375 0.66796875 0.3984375 0.62890625 0.3984375 0.66796875 0.4375
0 0.216796875 0.744140625 0.255859375 0.705078125 0.216796875 0.705078125 0.255859375 0.744140625
0 0.771484375 0.78125 0.810546875 0.7421875 0.771484375 0.7421875 0.810546875 0.78125
0 0.435546875 0.24609375 0.474609375 0.20703125 0.435546875 0.20703125 0.474609375 0.24609375
0 0.654296875 0.259765625 0.693359375 0.220703125 0.654296875 0.220703125 0.693359375 0.259765625
0 0.509765625 0.46875 0.548828125 0.4296875 0.509765625 0.4296875 0.548828125 0.46875
0 0.462890625 0.2421875 0.501953125 0.203125 0.462890625 0.203125 0.501953125 0.2421875
0 0.0625 0.40625 0.1015625 0.3671875 0.0625 0.3671875 0.1015625 0.40625
