0 0.6875 0.400390625 0.7265625 0.361328125 0.6875 0.361328125 0.7265625 0.400390625
0 0.474609375 0.65234375 0.513671875 0.61328125 0.474609375 0.61328125 0.513671875 0.65234375
0 0.53515625 0.404296875 0.57421875 0.365234375 0.53515625 0.365234375 0.57421875 0.404296875
0 0.060546875 0.35546875 0.099609375 0.31640625 0.060546875 0.31640625 0.099609375 0.35546875
0 0.21875 0.45703125 0.2578125 0.41796875 0.21875 0.41796875 0.2578125 0.45703125
0 0.296875 0.54296875 0.3359375 0.50390625 0.296875 0.50390625 0.3359375 0.54296875
0 0.546875 0.486328125 0.5859375 0.447265625 0.546875 0.447265625 0.5859375 0.486328125
0 0.0859375 0.439453125 0.125 0.400390625 0.0859375 0.400390625 0.125 0.439453125
0 0.5625 0.443359375 0.6015625 0.404296875 0.5625 0.404296875 0.6015625 0.443359375
0 0.8984375 0.865234375 0.9375 0.826171875 0.8984375 0.826171875 0.9375 0.865234375
