0 0.541015625 0.138671875 0.580078125 0.099609375 0.541015625 0.099609375 0.580078125 0.138671875
0 0.875 0.587890625 0.9140625 0.548828125 0.875 0.548828125 0.9140625 0.587890625
0 0.80859375 0.619140625 0.84765625 0.580078125 0.80859375 0.580078125 0.84765625 0.619140625
0 0.400390625 0.103515625 0.439453125 0.064453125 0.400390625 0.064453125 0.439453125 0.103515625
0 0.546875 0.185546875 0.5859375 0.146484375 0.546875 0.146484375 0.5859375 0.185546875
0 0.18359375 0.736328125 0.22265625 0.697265625 0.18359375 0.697265625 0.22265625 0.736328125
0 0.029296875 0.61328125 0.068359375 0.57421875 0.029296875 0.57421875 0.068359375 0.61328125
0 0.484375 0.388671875 0.5234375 0.349609375 0.484375 0.349609375 0.5234375 0.388671875
0 0.12109375 0.32421875 0.16015625 0.28515625 0.12109375 0.28515625 0.16015625 0.32421875
0 0.78125 0.11328125 0.8203125 0.07421875 0.78125 0.07421875 0.8203125 0.11328125
0 0.392578125 0.77734375 0.431640625 0.73828125 0.392578125 0.73828125 0.431640625 0.77734375
0 0.302734375 0.525390625 0.341796875 0.486328125 0.302734375 0.486328125 0.341796875 0.525390625
0 0.287109375 0.609375 0.326171875 0.5703125 0.287109375 0.5703125 0.326171875 0.609375
