0 0.06640625 0.734375 0.10546875 0.6953125 0.06640625 0.6953125 0.10546875 0.734375
0 0.33984375 0.537109375 0.37890625 0.498046875 0.33984375 0.498046875 0.37890625 0.537109375
0 0.31640625 0.71484375 0.35546875 0.67578125 0.31640625 0.67578125 0.35546875 0.71484375
0 0.58984375 0.81640625 0.62890625 0.77734375 0.58984375 0.77734375 0.62890625 0.81640625
0 0.763671875 0.2734375 0.802734375 0.234375 0.763671875 0.234375 0.802734375 0.2734375
0 0.9296875 0.814453125 0.96875 0.775390625 0.9296875 0.775390625 0.96875 0.814453125
0 0.853515625 0.3203125 0.892578125 0.28125 0.853515625 0.28125 0.892578125 0.3203125
0 0.080078125 0.677734375 0.119140625 0.638671875 0.080078125 0.638671875 0.119140625 0.677734375
0 0.611328125 0.82421875 0.650390625 0.78515625 0.611328125 0.78515625 0.650390625 0.82421875
0 0.091796875 0.67578125 0.130859375 0.63671875 0.091796875 0.63671875 0.130859375 0.67578125
