0 0.728515625 0.55859375 0.767578125 0.51953125 0.728515625 0.51953125 0.767578125 0.55859375
0 0.1796875 0.931640625 0.21875 0.892578125 0.1796875 0.892578125 0.21875 0.931640625
0 0.197265625 0.580078125 0.236328125 0.541015625 0.197265625 0.541015625 0.236328125 0.580078125
0 0.17578125 0.208984375 0.21484375 0.169921875 0.17578125 0.169921875 0.21484375 0.208984375
0 0.208984375 0.69921875 0.248046875 0.66015625 0.208984375 0.66015625 0.248046875 0.69921875
0 0.869140625 0.65234375 0.908203125 0.61328125 0.869140625 0.61328125 0.908203125 0.65234375
0 0.07421875 0.58984375 0.11328125 0.55078125 0.07421875 0.55078125 0.11328125 0.58984375
0 0.091796875 0.76953125 0.130859375 0.73046875 0.091796875 0.73046875 0.130859375 0.76953125
0 0.0546875 0.296875 0.09375 0.2578125 0.0546875 0.2578125 0.09375 0.296875
0 0.26953125 0.123046875 0.30859375 0.083984375 0.26953125 0.083984375 0.30859375 0.123046875
0 0.392578125 0.748046875 0.431640625 0.708984375 0.392578125 0.708984375 0.431640625 0.748046875
