0 0.408203125 0.951171875 0.447265625 0.912109375 0.408203125 0.912109375 0.447265625 0.951171875
0 0.900390625 0.861328125 0.939453125 0.822265625 0.900390625 0.822265625 0.939453125 0.861328125
0 0.240234375 0.953125 0.279296875 0.9140625 0.240234375 0.9140625 0.279296875 0.953125
0 0.212890625 0.244140625 0.251953125 0.205078125 0.212890625 0.205078125 0.251953125 0.244140625
0 0.84375 0.591796875 0.8828125 0.552734375 0.84375 0.552734375 0.8828125 0.591796875
0 0.3515625 0.447265625 0.390625 0.408203125 0.3515625 0.408203125 0.390625 0.447265625
0 0.130859375 0.705078125 0.169921875 0.666015625 0.130859375 0.666015625 0.169921875 0.705078125
0 0.328125 0.236328125 0.3671875 0.197265625 0.328125 0.197265625 0.3671875 0.236328125
0 0.48046875 0.314453125 0.51953125 0.275390625 0.48046875 0.275390625 0.51953125 0.314453125
0 0.8046875 0.37890625 0.84375 0.33984375 0.8046875 0.33984375 0.84375 0.37890625
0 0.181640625 0.853515625 0.220703125 0.814453125 0.181640625 0.814453125 0.220703125 0.853515625
0 0.658203125 0.63671875 0.697265625 0.59765625 0.658203125 0.59765625 0.697265625 0.63671875
0 0.87890625 0.9296875 0.91796875 0.890625 0.87890625 0.890625 0.91796875 0.9296875
