0 0.10546875 0.90234375 0.14453125 0.86328125 0.10546875 0.86328125 0.14453125 0.90234375
0 0.5 0.181640625 0.5390625 0.142578125 0.5 0.142578125 0.5390625 0.181640625
0 0.61328125 0.3359375 0.65234375 0.296875 0.61328125 0.296875 0.65234375 0.3359375
0 0.46875 0.078125 0.5078125 0.0390625 0.46875 0.0390625 0.5078125 0.078125
0 0.17578125 0.9375 0.21484375 0.8984375 0.17578125 0.8984375 0.21484375 0.9375
0 0.125 0.34375 0.1640625 0.3046875 0.125 0.3046875 0.1640625 0.34375
0 0.220703125 0.123046875 0.259765625 0.083984375 0.220703125 0.083984375 0.259765625 0.123046875
0 0.416015625 0.53125 0.455078125 0.4921875 0.416015625 0.4921875 0.455078125 0.53125
0 0.783203125 0.62890625 0.822265625 0.58984375 0.783203125 0.58984375 0.822265625 0.62890625
0 0.912109375 0.36328125 0.951171875 0.32421875 0.912109375 0.32421875 0.951171875 0.36328125
