0 0.345703125 0.71484375 0.384765625 0.67578125 0.345703125 0.67578125 0.384765625 0.71484375
0 0.294921875 0.546875 0.333984375 0.5078125 0.294921875 0.5078125 0.333984375 0.546875
0 0.42578125 0.1953125 0.46484375 0.15625 0.42578125 0.15625 0.46484375 0.1953125
0 0.197265625 0.17578125 0.236328125 0.13671875 0.197265625 0.13671875 0.236328125 0.17578125
0 0.794921875 0.521484375 0.833984375 0.482421875 0.794921875 0.482421875 0.833984375 0.521484375
0 0.349609375 0.90234375 0.388671875 0.86328125 0.349609375 0.86328125 0.388671875 0.90234375
0 0.07421875 0.833984375 0.11328125 0.794921875 0.07421875 0.794921875 0.11328125 0.833984375
0 0.7421875 0.533203125 0.78125 0.494140625 0.7421875 0.494140625 0.78125 0.533203125
0 0.361328125 0.24609375 0.400390625 0.20703125 0.361328125 0.20703125 0.400390625 0.24609375
0 0.701171875 0.59765625 0.740234375 0.55859375 0.701171875 0.55859375 0.740234375 0.59765625
0 0.69921875 0.3359375 0.73828125 0.296875 0.69921875 0.296875 0.73828125 0.3359375
0 0.783203125 0.3359375 0.822265625 0.296875 0.783203125 0.296875 0.822265625 0.3359375
0 0.470703125 0.830078125 0.509765625 0.791015625 0.470703125 0.791015625 0.509765625 0.830078125
