0 0.517578125 0.904296875 0.556640625 0.865234375 0.517578125 0.865234375 0.556640625 0.904296875
0 0.380859375 0.595703125 0.419921875 0.556640625 0.380859375 0.556640625 0.419921875 0.595703125
0 0.646484375 0.189453125 0.685546875 0.150390625 0.646484375 0.150390625 0.685546875 0.189453125
0 0.634765625 0.720703125 0.673828125 0.681640625 0.634765625 0.681640625 0.673828125 0.720703125
0 0.880859375 0.2578125 0.919921875 0.21875 0.880859375 0.21875 0.919921875 0.2578125
0 0.587890625 0.333984375 0.626953125 0.294921875 0.587890625 0.294921875 0.626953125 0.333984375
0 0.875 0.380859375 0.9140625 0.341796875 0.875 0.341796875 0.9140625 0.380859375
0 0.345703125 0.09765625 0.384765625 0.05859375 0.345703125 0.05859375 0.384765625 0.09765625
0 0.564453125 0.728515625 0.603515625 0.689453125 0.564453125 0.689453125 0.603515625 0.728515625
0 0.828125 0.193359375 0.8671875 0.154296875 0.828125 0.154296875 0.8671875 0.193359375
