0 0.423828125 0.30859375 0.462890625 0.26953125 0.423828125 0.26953125 0.462890625 0.30859375
0 0.044921875 0.541015625 0.083984375 0.501953125 0.044921875 0.501953125 0.083984375 0.541015625
0 0.23828125 0.76171875 0.27734375 0.72265625 0.23828125 0.72265625 0.27734375 0.76171875
0 0.19921875 0.9609375 0.23828125 0.921875 0.19921875 0.921875 0.23828125 0.9609375
0 0.67578125 0.5078125 0.71484375 0.46875 0.67578125 0.46875 0.71484375 0.5078125
0 0.55859375 0.376953125 0.59765625 0.337890625 0.55859375 0.337890625 0.59765625 0.376953125
0 0.4296875 0.9375 0.46875 0.8984375 0.4296875 0.8984375 0.46875 0.9375
0 0.1484375 0.638671875 0.1875 0.599609375 0.1484375 0.599609375 0.1875 0.638671875
0 0.125 0.552734375 0.1640625 0.513671875 0.125 0.513671875 0.1640625 0.552734375
0 0.19921875 0.408203125 0.23828125 0.369140625 0.19921875 0.369140625 0.23828125 0.408203125
0 0.47265625 0.212890625 0.51171875 0.173828125 0.47265625 0.173828125 0.51171875 0.212890625
0 0.7265625 0.66015625 0.765625 0.62109375 0.7265625 0.62109375 0.765625 0.66015625
