0 0.578125 0.072265625 0.6171875 0.033203125 0.578125 0.033203125 0.6171875 0.072265625
0 0.15234375 0.529296875 0.19140625 0.490234375 0.15234375 0.490234375 0.19140625 0.529296875
0 0.62890625 0.611328125 0.66796875 0.572265625 0.62890625 0.572265625 0.66796875 0.611328125
0 0.44921875 0.4375 0.48828125 0.3984375 0.44921875 0.3984375 0.48828125 0.4375
0 0.326171875 0.763671875 0.365234375 0.724609375 0.326171875 0.724609375 0.365234375 0.763671875
0 0.544921875 0.912109375 0.583984375 0.873046875 0.544921875 0.873046875 0.583984375 0.912109375
0 0.662109375 0.58984375 0.701171875 0.55078125 0.662109375 0.55078125 0.701171875 0.58984375
0 0.828125 0.88671875 0.8671875 0.84765625 0.828125 0.84765625 0.8671875 0.88671875
0 0.23046875 0.818359375 0.26953125 0.779296875 0.23046875 0.779296875 0.26953125 0.818359375
0 0.060546875 0.45703125 0.099609375 0.41796875 0.060546875 0.41796875 0.099609375 0.45703125
0 0.794921875 0.33984375 0.833984375 0.30078125 0.794921875 0.30078125 0.833984375 0.33984375
0 0.697265625 0.66015625 0.736328125 0.62109375 0.697265625 0.62109375 0.736328125 0.66015625
0 0.115234375 0.46484375 0.154296875 0.42578125 0.115234375 0.42578125 0.154296875 0.46484375
