0 0.26171875 0.515625 0.30078125 0.4765625 0.26171875 0.4765625 0.30078125 0.515625
0 0.466796875 0.69140625 0.505859375 0.65234375 0.466796875 0.65234375 0.505859375 0.69140625
0 0.181640625 0.57421875 0.220703125 0.53515625 0.181640625 0.53515625 0.220703125 0.57421875
0 0.623046875 0.21484375 0.662109375 0.17578125 0.623046875 0.17578125 0.662109375 0.21484375
0 0.1015625 0.38671875 0.140625 0.34765625 0.1015625 0.34765625 0.140625 0.38671875
0 0.1796875 0.298828125 0.21875 0.259765625 0.1796875 0.259765625 0.21875 0.298828125
0 0.091796875 0.955078125 0.130859375 0.916015625 0.091796875 0.916015625 0.130859375 0.955078125
0 0.923828125 0.20703125 0.962890625 0.16796875 0.923828125 0.16796875 0.962890625 0.20703125
0 0.255859375 0.421875 0.294921875 0.3828125 0.255859375 0.3828125 0.294921875 0.421875
0 0.6171875 0.0703125 0.65625 0.03125 0.6171875 0.03125 0.65625 0.0703125
0 0.515625 0.58984375 0.5546875 0.55078125 0.515625 0.55078125 0.5546875 0.58984375
0 0.44921875 0.53515625 0.48828125 0.49609375 0.44921875 0.49609375 0.48828125 0.53515625
0 0.123046875 0.865234375 0.162109375 0.826171875 0.123046875 0.826171875 0.162109375 0.865234375
0 0.705078125 0.236328125 0.744140625 0.197265625 0.705078125 0.197265625 0.744140625 0.236328125
