0 0.365234375 0.9375 0.404296875 0.8984375 0.365234375 0.8984375 0.404296875 0.9375
0 0.462890625 0.7890625 0.501953125 0.75 0.462890625 0.75 0.501953125 0.7890625
0 0.146484375 0.3203125 0.185546875 0.28125 0.146484375 0.28125 0.185546875 0.3203125
0 0.05078125 0.400390625 0.08984375 0.361328125 0.05078125 0.361328125 0.08984375 0.400390625
0 0.568359375 0.591796875 0.607421875 0.552734375 0.568359375 0.552734375 0.607421875 0.591796875
0 0.69921875 0.767578125 0.73828125 0.728515625 0.69921875 0.728515625 0.73828125 0.767578125
0 0.783203125 0.318359375 0.822265625 0.279296875 0.783203125 0.279296875 0.822265625 0.318359375
0 0.681640625 0.634765625 0.720703125 0.595703125 0.681640625 0.595703125 0.720703125 0.634765625
0 0.099609375 0.26953125 0.138671875 0.23046875 0.099609375 0.23046875 0.138671875 0.26953125
0 0.154296875 0.8828125 0.193359375 0.84375 0.154296875 0.84375 0.193359375 0.8828125
0 0.732421875 0.34765625 0.771484375 0.30859375 0.732421875 0.30859375 0.771484375 0.34765625
