0 0.482421875 0.283203125 0.521484375 0.244140625 0.482421875 0.244140625 0.521484375 0.283203125
0 0.365234375 0.212890625 0.404296875 0.173828125 0.365234375 0.173828125 0.404296875 0.212890625
0 0.4765625 0.328125 0.515625 0.2890625 0.4765625 0.2890625 0.515625 0.328125
0 0.357421875 0.421875 0.396484375 0.3828125 0.357421875 0.3828125 0.396484375 0.421875
0 0.884765625 0.291015625 0.923828125 0.251953125 0.884765625 0.251953125 0.923828125 0.291015625
0 0.271484375 0.802734375 0.310546875 0.763671875 0.271484375 0.763671875 0.310546875 0.802734375
0 0.72265625 0.8828125 0.76171875 0.84375 0.72265625 0.84375 0.76171875 0.8828125
0 0.75390625 0.84375 0.79296875 0.8046875 0.75390625 0.8046875 0.79296875 0.84375
0 0.623046875 0.958984375 0.662109375 0.919921875 0.623046875 0.919921875 0.662109375 0.958984375
0 0.806640625 0.51171875 0.845703125 0.47265625 0.806640625 0.47265625 0.845703125 0.51171875
0 0.24609375 0.552734375 0.28515625 0.513671875 0.24609375 0.513671875 0.28515625 0.552734375
0 0.9140625 0.35546875 0.953125 0.31640625 0.9140625 0.31640625 0.953125 0.35546875
0 0.509765625 0.47265625 0.548828125 0.43359375 0.509765625 0.43359375 0.548828125 0.47265625
