0 0.322265625 0.119140625 0.361328125 0.080078125 0.322265625 0.080078125 0.361328125 0.119140625
0 0.3984375 0.716796875 0.4375 0.677734375 0.3984375 0.677734375 0.4375 0.716796875
0 0.166015625 0.234375 0.205078125 0.1953125 0.166015625 0.1953125 0.205078125 0.234375
0 0.85546875 0.80859375 0.89453125 0.76953125 0.85546875 0.76953125 0.89453125 0.80859375
0 0.693359375 0.798828125 0.732421875 0.759765625 0.693359375 0.759765625 0.732421875 0.798828125
0 0.505859375 0.810546875 0.544921875 0.771484375 0.505859375 0.771484375 0.544921875 0.810546875
0 0.73828125 0.431640625 0.77734375 0.392578125 0.73828125 0.392578125 0.77734375 0.431640625
0 0.87109375 0.955078125 0.91015625 0.916015625 0.87109375 0.916015625 0.91015625 0.955078125
0 0.8046875 0.1015625 0.84375 0.0625 0.8046875 0.0625 0.84375 0.1015625
0 0.79296875 0.0703125 0.83203125 0.03125 0.79296875 0.03125 0.83203125 0.0703125
0 0.724609375 0.279296875 0.763671875 0.240234375 0.724609375 0.240234375 0.763671875 0.279296875
