0 0.37890625 0.2109375 0.41796875 0.171875 0.37890625 0.171875 0.41796875 0.2109375
0 0.328125 0.46484375 0.3671875 0.42578125 0.328125 0.42578125 0.3671875 0.46484375
0 0.552734375 0.314453125 0.591796875 0.275390625 0.552734375 0.275390625 0.591796875 0.314453125
0 0.37890625 0.451171875 0.41796875 0.412109375 0.37890625 0.412109375 0.41796875 0.451171875
0 0.681640625 0.103515625 0.720703125 0.064453125 0.681640625 0.064453125 0.720703125 0.103515625
0 0.3203125 0.421875 0.359375 0.3828125 0.3203125 0.3828125 0.359375 0.421875
0 0.869140625 0.552734375 0.908203125 0.513671875 0.869140625 0.513671875 0.908203125 0.552734375
0 0.689453125 0.4296875 0.728515625 0.390625 0.689453125 0.390625 0.728515625 0.4296875
0 0.05859375 0.103515625 0.09765625 0.064453125 0.05859375 0.064453125 0.09765625 0.103515625
0 0.65234375 0.658203125 0.69140625 0.619140625 0.65234375 0.619140625 0.69140625 0.658203125
