0 0.7578125 0.68359375 0.796875 0.64453125 0.7578125 0.64453125 0.796875 0.68359375
0 0.88671875 0.556640625 0.92578125 0.517578125 0.88671875 0.517578125 0.92578125 0.556640625
0 0.796875 0.435546875 0.8359375 0.396484375 0.796875 0.396484375 0.8359375 0.435546875
0 0.490234375 0.130859375 0.529296875 0.091796875 0.490234375 0.091796875 0.529296875 0.130859375
0 0.91015625 0.708984375 0.94921875 0.669921875 0.91015625 0.669921875 0.94921875 0.708984375
0 0.810546875 0.2421875 0.849609375 0.203125 0.810546875 0.203125 0.849609375 0.2421875
0 0.873046875 0.689453125 0.912109375 0.650390625 0.873046875 0.650390625 0.912109375 0.689453125
0 0.36328125 0.185546875 0.40234375 0.146484375 0.36328125 0.146484375 0.40234375 0.185546875
0 0.580078125 0.216796875 0.619140625 0.177734375 0.580078125 0.177734375 0.619140625 0.216796875
0 0.08984375 0.412109375 0.12890625 0.373046875 0.08984375 0.373046875 0.12890625 0.412109375
0 0.853515625 0.080078125 0.892578125 0.041015625 0.853515625 0.041015625 0.892578125 0.080078125
