0 0.875 0.427734375 0.9140625 0.388671875 0.875 0.388671875 0.9140625 0.427734375
0 0.287109375 0.4765625 0.326171875 0.4375 0.287109375 0.4375 0.326171875 0.4765625
0 0.298828125 0.109375 0.337890625 0.0703125 0.298828125 0.0703125 0.337890625 0.109375
0 0.732421875 0.775390625 0.771484375 0.736328125 0.732421875 0.736328125 0.771484375 0.775390625
0 0.849609375 0.1640625 0.888671875 0.125 0.849609375 0.125 0.888671875 0.1640625
0 0.541015625 0.71875 0.580078125 0.6796875 0.541015625 0.6796875 0.580078125 0.71875
0 0.78515625 0.921875 0.82421875 0.8828125 0.78515625 0.8828125 0.82421875 0.921875
0 0.337890625 0.69140625 0.376953125 0.65234375 0.337890625 0.65234375 0.376953125 0.69140625
0 0.62109375 0.443359375 0.66015625 0.404296875 0.62109375 0.404296875 0.66015625 0.443359375
0 0.6484375 0.73046875 0.6875 0.69140625 0.6484375 0.69140625 0.6875 0.73046875
0 0.662109375 0.580078125 0.701171875 0.541015625 0.662109375 0.541015625 0.701171875 0.580078125
0 0.6796875 0.310546875 0.71875 0.271484375 0.6796875 0.271484375 0.71875 0.310546875
0 0.240234375 0.791015625 0.279296875 0.751953125 0.240234375 0.751953125 0.279296875 0.791015625
