0 0.689453125 0.10546875 0.728515625 0.06640625 0.689453125 0.06640625 0.728515625 0.10546875
0 0.65625 0.28515625 0.6953125 0.24609375 0.65625 0.24609375 0.6953125 0.28515625
0 0.09375 0.576171875 0.1328125 0.537109375 0.09375 0.537109375 0.1328125 0.576171875
0 0.732421875 0.298828125 0.771484375 0.259765625 0.732421875 0.259765625 0.771484375 0.298828125
0 0.640625 0.15234375 0.6796875 0.11328125 0.640625 0.11328125 0.6796875 0.15234375
0 0.681640625 0.603515625 0.720703125 0.564453125 0.681640625 0.564453125 0.720703125 0.603515625
0 0.771484375 0.4765625 0.810546875 0.4375 0.771484375 0.4375 0.810546875 0.4765625
0 0.814453125 0.1484375 0.853515625 0.109375 0.814453125 0.109375 0.853515625 0.1484375
0 0.173828125 0.193359375 0.212890625 0.154296875 0.173828125 0.154296875 0.212890625 0.193359375
0 0.572265625 0.0859375 0.611328125 0.046875 0.572265625 0.046875 0.611328125 0.0859375
0 0.44140625 0.2109375 0.48046875 0.171875 0.44140625 0.171875 0.48046875 0.2109375
0 0.1484375 0.73828125 0.1875 0.69921875 0.1484375 0.69921875 0.1875 0.73828125
0 0.56640625 0.94921875 0.60546875 0.91015625 0.56640625 0.91015625 0.60546875 0.94921875
0 0.82421875 0.845703125 0.86328125 0.806640625 0.82421875 0.806640625 0.86328125 0.845703125
