0 0.07421875 0.177734375 0.11328125 0.138671875 0.07421875 0.138671875 0.11328125 0.177734375
0 0.494140625 0.49609375 0.533203125 0.45703125 0.494140625 0.45703125 0.533203125 0.49609375
0 0.791015625 0.50390625 0.830078125 0.46484375 0.791015625 0.46484375 0.830078125 0.50390625
0 0.70703125 0.234375 0.74609375 0.1953125 0.70703125 0.1953125 0.74609375 0.234375
0 0.048828125 0.208984375 0.087890625 0.169921875 0.048828125 0.169921875 0.087890625 0.208984375
0 0.763671875 0.388671875 0.802734375 0.349609375 0.763671875 0.349609375 0.802734375 0.388671875
0 0.4453125 0.201171875 0.484375 0.162109375 0.4453125 0.162109375 0.484375 0.201171875
0 0.55859375 0.439453125 0.59765625 0.400390625 0.55859375 0.400390625 0.59765625 0.439453125
0 0.677734375 0.501953125 0.716796875 0.462890625 0.677734375 0.462890625 0.716796875 0.501953125
0 0.501953125 0.19921875 0.541015625 0.16015625 0.501953125 0.16015625 0.541015625 0.19921875
0 0.85546875 0.23828125 0.89453125 0.19921875 0.85546875 0.19921875 0.89453125 0.23828125
0 0.267578125 0.154296875 0.306640625 0.115234375 0.267578125 0.115234375 0.306640625 0.154296875
0 0.5 0.072265625 0.5390625 0.033203125 0.5 0.033203125 0.5390625 0.072265625
