0 0.4609375 0.1875 0.5 0.1484375 0.4609375 0.1484375 0.5 0.1875
0 0.84765625 0.119140625 0.88671875 0.080078125 0.84765625 0.080078125 0.88671875 0.119140625
0 0.255859375 0.83203125 0.294921875 0.79296875 0.255859375 0.79296875 0.294921875 0.83203125
0 0.0859375 0.36328125 0.125 0.32421875 0.0859375 0.32421875 0.125 0.36328125
0 0.345703125 0.591796875 0.384765625 0.552734375 0.345703125 0.552734375 0.384765625 0.591796875
0 0.90234375 0.33984375 0.94140625 0.30078125 0.90234375 0.30078125 0.94140625 0.33984375
0 0.341796875 0.654296875 0.380859375 0.615234375 0.341796875 0.615234375 0.380859375 0.654296875
0 0.12890625 0.1171875 0.16796875 0.078125 0.12890625 0.078125 0.16796875 0.1171875
0 0.76171875 0.107421875 0.80078125 0.068359375 0.76171875 0.068359375 0.80078125 0.107421875
0 0.83203125 0.158203125 0.87109375 0.119140625 0.83203125 0.119140625 0.87109375 0.158203125
0 0.615234375 0.544921875 0.654296875 0.505859375 0.615234375 0.505859375 0.654296875 0.544921875
0 0.220703125 0.52734375 0.259765625 0.48828125 0.220703125 0.48828125 0.259765625 0.52734375
