0 0.099609375 0.34765625 0.138671875 0.30859375 0.099609375 0.30859375 0.138671875 0.34765625
0 0.56640625 0.474609375 0.60546875 0.435546875 0.56640625 0.435546875 0.60546875 0.474609375
0 0.59765625 0.7265625 0.63671875 0.6875 0.59765625 0.6875 0.63671875 0.7265625
0 0.30078125 0.322265625 0.33984375 0.283203125 0.30078125 0.283203125 0.33984375 0.322265625
0 0.19140625 0.208984375 0.23046875 0.169921875 0.19140625 0.169921875 0.23046875 0.208984375
0 0.82421875 0.14453125 0.86328125 0.10546875 0.82421875 0.10546875 0.86328125 0.14453125
0 0.904296875 0.22265625 0.943359375 0.18359375 0.904296875 0.18359375 0.943359375 0.22265625
0 0.671875 0.91015625 0.7109375 0.87109375 0.671875 0.87109375 0.7109375 0.91015625
0 0.880859375 0.787109375 0.919921875 0.748046875 0.880859375 0.748046875 0.919921875 0.787109375
0 0.037109375 0.302734375 0.076171875 0.263671875 0.037109375 0.263671875 0.076171875 0.302734375
0 0.828125 0.564453125 0.8671875 0.525390625 0.828125 0.525390625 0.8671875 0.564453125
0 0.912109375 0.072265625 0.951171875 0.033203125 0.912109375 0.033203125 0.951171875 0.072265625
0 0.09375 0.59765625 0.1328125 0.55859375 0.09375 0.55859375 0.1328125 0.59765625
0 0.466796875 0.87109375 0.505859375 0.83203125 0.466796875 0.83203125 0.505859375 0.87109375
