0 0.041015625 0.673828125 0.080078125 0.634765625 0.041015625 0.634765625 0.080078125 0.673828125
0 0.166015625 0.38671875 0.205078125 0.34765625 0.166015625 0.34765625 0.205078125 0.38671875
0 0.5703125 0.916015625 0.609375 0.876953125 0.5703125 0.876953125 0.609375 0.916015625
0 0.771484375 0.82421875 0.810546875 0.78515625 0.771484375 0.78515625 0.810546875 0.82421875
0 0.513671875 0.685546875 0.552734375 0.646484375 0.513671875 0.646484375 0.552734375 0.685546875
0 0.771484375 0.5390625 0.810546875 0.5 0.771484375 0.5 0.810546875 0.5390625
0 0.888671875 0.900390625 0.927734375 0.861328125 0.888671875 0.861328125 0.927734375 0.900390625
0 0.91796875 0.9453125 0.95703125 0.90625 0.91796875 0.90625 0.95703125 0.9453125
0 0.474609375 0.189453125 0.513671875 0.150390625 0.474609375 0.150390625 0.513671875 0.189453125
0 0.083984375 0.458984375 0.123046875 0.419921875 0.083984375 0.419921875 0.123046875 0.458984375
0 0.279296875 0.607421875 0.318359375 0.568359375 0.279296875 0.568359375 0.318359375 0.607421875
0 0.7265625 0.498046875 0.765625 0.458984375 0.7265625 0.458984375 0.765625 0.498046875
