0 0.458984375 0.20703125 0.498046875 0.16796875 0.458984375 0.16796875 0.498046875 0.20703125
0 0.38671875 0.71484375 0.42578125 0.67578125 0.38671875 0.67578125 0.42578125 0.71484375
0 0.51171875 0.849609375 0.55078125 0.810546875 0.51171875 0.810546875 0.55078125 0.849609375
0 0.244140625 0.736328125 0.283203125 0.697265625 0.244140625 0.697265625 0.283203125 0.736328125
0 0.837890625 0.65625 0.876953125 0.6171875 0.837890625 0.6171875 0.876953125 0.65625
0 0.869140625 0.4765625 0.908203125 0.4375 0.869140625 0.4375 0.908203125 0.4765625
0 0.22265625 0.6328125 0.26171875 0.59375 0.22265625 0.59375 0.26171875 0.6328125
0 0.85546875 0.74609375 0.89453125 0.70703125 0.85546875 0.70703125 0.89453125 0.74609375
0 0.7109375 0.921875 0.75 0.8828125 0.7109375 0.8828125 0.75 0.921875
0 0.435546875 0.6953125 0.474609375 0.65625 0.435546875 0.65625 0.474609375 0.6953125
0 0.341796875 0.15625 0.380859375 0.1171875 0.341796875 0.1171875 0.380859375 0.15625
0 0.728515625 0.427734375 0.767578125 0.388671875 0.728515625 0.388671875 0.767578125 0.427734375
0 0.421875 0.69140625 0.4609375 0.65234375 0.421875 0.65234375 0.4609375 0.69140625
0 0.53515625 0.814453125 0.57421875 0.775390625 0.53515625 0.775390625 0.57421875 0.814453125
