0 0.177734375 0.69921875 0.216796875 0.66015625 0.177734375 0.66015625 0.216796875 0.69921875
0 0.71875 0.7109375 0.7578125 0.671875 0.71875 0.671875 0.7578125 0.7109375
0 0.431640625 0.943359375 0.470703125 0.904296875 0.431640625 0.904296875 0.470703125 0.943359375
0 0.763671875 0.1171875 0.802734375 0.078125 0.763671875 0.078125 0.802734375 0.1171875
0 0.85546875 0.349609375 0.89453125 0.310546875 0.85546875 0.310546875 0.89453125 0.349609375
0 0.904296875 0.7109375 0.943359375 0.671875 0.904296875 0.671875 0.943359375 0.7109375
0 0.619140625 0.248046875 0.658203125 0.208984375 0.619140625 0.208984375 0.658203125 0.248046875
0 0.26953125 0.658203125 0.30859375 0.619140625 0.26953125 0.619140625 0.30859375 0.658203125
0 0.181640625 0.3125 0.220703125 0.2734375 0.181640625 0.2734375 0.220703125 0.3125
0 0.6015625 0.078125 0.640625 0.0390625 0.6015625 0.0390625 0.640625 0.078125
0 0.87109375 0.55859375 0.91015625 0.51953125 0.87109375 0.51953125 0.91015625 0.55859375
0 0.28125 0.873046875 0.3203125 0.833984375 0.28125 0.833984375 0.3203125 0.873046875
