0 0.90625 0.884765625 0.9453125 0.845703125 0.90625 0.845703125 0.9453125 0.884765625
0 0.53125 0.173828125 0.5703125 0.134765625 0.53125 0.134765625 0.5703125 0.173828125
0 0.03125 0.4375 0.0703125 0.3984375 0.03125 0.3984375 0.0703125 0.4375
0 0.41796875 0.169921875 0.45703125 0.130859375 0.41796875 0.130859375 0.45703125 0.169921875
0 0.859375 0.255859375 0.8984375 0.216796875 0.859375 0.216796875 0.8984375 0.255859375
0 0.439453125 0.861328125 0.478515625 0.822265625 0.439453125 0.822265625 0.478515625 0.861328125
0 0.44921875 0.1796875 0.48828125 0.140625 0.44921875 0.140625 0.48828125 0.1796875
0 0.896484375 0.44921875 0.935546875 0.41015625 0.896484375 0.41015625 0.935546875 0.44921875
0 0.533203125 0.619140625 0.572265625 0.580078125 0.533203125 0.580078125 0.572265625 0.619140625
0 0.416015625 0.205078125 0.455078125 0.166015625 0.416015625 0.166015625 0.455078125 0.205078125
0 0.689453125 0.484375 0.728515625 0.4453125 0.689453125 0.4453125 0.728515625 0.484375
