0 0.814453125 0.87109375 0.853515625 0.83203125 0.814453125 0.83203125 0.853515625 0.87109375
0 0.69921875 0.232421875 0.73828125 0.193359375 0.69921875 0.193359375 0.73828125 0.232421875
0 0.072265625 0.62890625 0.111328125 0.58984375 0.072265625 0.58984375 0.111328125 0.62890625
0 0.181640625 0.802734375 0.220703125 0.763671875 0.181640625 0.763671875 0.220703125 0.802734375
0 0.79296875 0.6953125 0.83203125 0.65625 0.79296875 0.65625 0.83203125 0.6953125
0 0.099609375 0.396484375 0.138671875 0.357421875 0.099609375 0.357421875 0.138671875 0.396484375
0 0.650390625 0.455078125 0.689453125 0.416015625 0.650390625 0.416015625 0.689453125 0.455078125
0 0.458984375 0.7109375 0.498046875 0.671875 0.458984375 0.671875 0.498046875 0.7109375
0 0.84765625 0.826171875 0.88671875 0.787109375 0.84765625 0.787109375 0.88671875 0.826171875
0 0.1328125 0.416015625 0.171875 0.376953125 0.1328125 0.376953125 0.171875 0.416015625
0 0.18359375 0.1953125 0.22265625 0.15625 0.18359375 0.15625 0.22265625 0.1953125
0 0.3125 0.3046875 0.3515625 0.265625 0.3125 0.265625 0.3515625 0.3046875
0 0.330078125 0.265625 0.369140625 0.2265625 0.330078125 0.2265625 0.369140625 0.265625
0 0.662109375 0.392578125 0.701171875 0.353515625 0.662109375 0.353515625 0.701171875 0.392578125
