0 0.859375 0.4609375 0.8984375 0.421875 0.859375 0.421875 0.8984375 0.4609375
0 0.138671875 0.33203125 0.177734375 0.29296875 0.138671875 0.29296875 0.177734375 0.33203125
0 0.76171875 0.408203125 0.80078125 0.369140625 0.76171875 0.369140625 0.80078125 0.408203125
0 0.763671875 0.17578125 0.802734375 0.13671875 0.763671875 0.13671875 0.802734375 0.17578125
0 0.625 0.853515625 0.6640625 0.814453125 0.625 0.814453125 0.6640625 0.853515625
0 0.630859375 0.4453125 0.669921875 0.40625 0.630859375 0.40625 0.669921875 0.4453125
0 0.71875 0.583984375 0.7578125 0.544921875 0.71875 0.544921875 0.7578125 0.583984375
0 0.37109375 0.08984375 0.41015625 0.05078125 0.37109375 0.05078125 0.41015625 0.08984375
0 0.3671875 0.93359375 0.40625 0.89453125 0.3671875 0.89453125 0.40625 0.93359375
0 0.603515625 0.248046875 0.642578125 0.208984375 0.603515625 0.208984375 0.642578125 0.248046875
0 0.70703125 0.810546875 0.74609375 0.771484375 0.70703125 0.771484375 0.74609375 0.810546875
0 0.62890625 0.41015625 0.66796875 0.37109375 0.62890625 0.37109375 0.66796875 0.41015625
