0 0.130859375 0.66796875 0.169921875 0.62890625 0.130859375 0.62890625 0.169921875 0.66796875
0 0.19140625 0.96484375 0.23046875 0.92578125 0.19140625 0.92578125 0.23046875 0.96484375
0 0.904296875 0.357421875 0.943359375 0.318359375 0.904296875 0.318359375 0.943359375 0.357421875
0 0.17578125 0.619140625 0.21484375 0.580078125 0.17578125 0.580078125 0.21484375 0.619140625
0 0.458984375 0.2265625 0.498046875 0.1875 0.458984375 0.1875 0.498046875 0.2265625
0 0.46484375 0.783203125 0.50390625 0.744140625 0.46484375 0.744140625 0.50390625 0.783203125
0 0.2265625 0.791015625 0.265625 0.751953125 0.2265625 0.751953125 0.265625 0.791015625
0 0.6875 0.18359375 0.7265625 0.14453125 0.6875 0.14453125 0.7265625 0.18359375
0 0.16796875 0.6328125 0.20703125 0.59375 0.16796875 0.59375 0.20703125 0.6328125
0 0.029296875 0.13671875 0.068359375 0.09765625 0.029296875 0.09765625 0.068359375 0.13671875
0 0.330078125 0.482421875 0.369140625 0.443359375 0.330078125 0.443359375 0.369140625 0.482421875
