0 0.033203125 0.7890625 0.072265625 0.75 0.033203125 0.75 0.072265625 0.7890625
0 0.107421875 0.158203125 0.146484375 0.119140625 0.107421875 0.119140625 0.146484375 0.158203125
0 0.783203125 0.73828125 0.822265625 0.69921875 0.783203125 0.69921875 0.822265625 0.73828125
0 0.134765625 0.685546875 0.173828125 0.646484375 0.134765625 0.646484375 0.173828125 0.685546875
0 0.8984375 0.853515625 0.9375 0.814453125 0.8984375 0.814453125 0.9375 0.853515625
0 0.046875 0.19921875 0.0859375 0.16015625 0.046875 0.16015625 0.0859375 0.19921875
0 0.7734375 0.9375 0.8125 0.8984375 0.7734375 0.8984375 0.8125 0.9375
0 0.298828125 0.89453125 0.337890625 0.85546875 0.298828125 0.85546875 0.337890625 0.89453125
0 0.52734375 0.58984375 0.56640625 0.55078125 0.52734375 0.55078125 0.56640625 0.58984375
0 0.79296875 0.857421875 0.83203125 0.818359375 0.79296875 0.818359375 0.83203125 0.857421875
