0 0.18359375 0.126953125 0.22265625 0.087890625 0.18359375 0.087890625 0.22265625 0.126953125
0 0.86328125 0.5859375 0.90234375 0.546875 0.86328125 0.546875 0.90234375 0.5859375
0 0.056640625 0.16015625 0.095703125 0.12109375 0.056640625 0.12109375 0.095703125 0.16015625
0 0.748046875 0.94921875 0.787109375 0.91015625 0.748046875 0.91015625 0.787109375 0.94921875
0 0.650390625 0.26953125 0.689453125 0.23046875 0.650390625 0.23046875 0.689453125 0.26953125
0 0.419921875 0.92578125 0.458984375 0.88671875 0.419921875 0.88671875 0.458984375 0.92578125
0 0.44140625 0.595703125 0.48046875 0.556640625 0.44140625 0.556640625 0.48046875 0.595703125
0 0.412109375 0.884765625 0.451171875 0.845703125 0.412109375 0.845703125 0.451171875 0.884765625
0 0.876953125 0.087890625 0.916015625 0.048828125 0.876953125 0.048828125 0.916015625 0.087890625
0 0.724609375 0.341796875 0.763671875 0.302734375 0.724609375 0.302734375 0.763671875 0.341796875
