0 0.04296875 0.94921875 0.08203125 0.91015625 0.04296875 0.91015625 0.08203125 0.94921875
0 0.537109375 0.134765625 0.576171875 0.095703125 0.537109375 0.095703125 0.576171875 0.134765625
0 0.185546875 0.138671875 0.224609375 0.099609375 0.185546875 0.099609375 0.224609375 0.138671875
0 0.115234375 0.8203125 0.154296875 0.78125 0.115234375 0.78125 0.154296875 0.8203125
0 0.14453125 0.96484375 0.18359375 0.92578125 0.14453125 0.92578125 0.18359375 0.96484375
0 0.7265625 0.966796875 0.765625 0.927734375 0.7265625 0.927734375 0.765625 0.966796875
0 0.88671875 0.720703125 0.92578125 0.681640625 0.88671875 0.681640625 0.92578125 0.720703125
0 0.716796875 0.072265625 0.755859375 0.033203125 0.716796875 0.033203125 0.755859375 0.072265625
0 0.8671875 0.1328125 0.90625 0.09375 0.8671875 0.09375 0.90625 0.1328125
0 0.87109375 0.091796875 0.91015625 0.052734375 0.87109375 0.052734375 0.91015625 0.091796875
0 0.06640625 0.13671875 0.10546875 0.09765625 0.06640625 0.09765625 0.10546875 0.13671875
