0 0.802734375 0.09375 0.841796875 0.0546875 0.802734375 0.0546875 0.841796875 0.09375
0 0.61328125 0.8359375 0.65234375 0.796875 0.61328125 0.796875 0.65234375 0.8359375
0 0.69921875 0.63671875 0.73828125 0.59765625 0.69921875 0.59765625 0.73828125 0.63671875
0 0.36328125 0.80859375 0.40234375 0.76953125 0.36328125 0.76953125 0.40234375 0.80859375
0 0.662109375 0.583984375 0.701171875 0.544921875 0.662109375 0.544921875 0.701171875 0.583984375
0 0.587890625 0.806640625 0.626953125 0.767578125 0.587890625 0.767578125 0.626953125 0.806640625
0 0.126953125 0.111328125 0.166015625 0.072265625 0.126953125 0.072265625 0.166015625 0.111328125
0 0.619140625 0.89453125 0.658203125 0.85546875 0.619140625 0.85546875 0.658203125 0.89453125
0 0.779296875 0.15234375 0.818359375 0.11328125 0.779296875 0.11328125 0.818359375 0.15234375
0 0.080078125 0.638671875 0.119140625 0.599609375 0.080078125 0.599609375 0.119140625 0.638671875
