0 0.671875 0.796875 0.7109375 0.7578125 0.671875 0.7578125 0.7109375 0.796875
0 0.498046875 0.53515625 0.537109375 0.49609375 0.498046875 0.49609375 0.537109375 0.53515625
0 0.2734375 0.44140625 0.3125 0.40234375 0.2734375 0.40234375 0.3125 0.44140625
0 0.357421875 0.40234375 0.396484375 0.36328125 0.357421875 0.36328125 0.396484375 0.40234375
0 0.62109375 0.896484375 0.66015625 0.857421875 0.62109375 0.857421875 0.66015625 0.896484375
0 0.884765625 0.244140625 0.923828125 0.205078125 0.884765625 0.205078125 0.923828125 0.244140625
0 0.359375 0.412109375 0.3984375 0.373046875 0.359375 0.373046875 0.3984375 0.412109375
0 0.84765625 0.734375 0.88671875 0.6953125 0.84765625 0.6953125 0.88671875 0.734375
0 0.42578125 0.38671875 0.46484375 0.34765625 0.42578125 0.34765625 0.46484375 0.38671875
0 0.6640625 0.68359375 0.703125 0.64453125 0.6640625 0.64453125 0.703125 0.68359375
0 0.583984375 0.146484375 0.623046875 0.107421875 0.583984375 0.107421875 0.623046875 0.146484375
0 0.88671875 0.833984375 0.92578125 0.794921875 0.88671875 0.794921875 0.92578125 0.833984375
0 0.79296875 0.19140625 0.83203125 0.15234375 0.79296875 0.15234375 0.83203125 0.19140625
