0 0.51953125 0.798828125 0.55859375 0.759765625 0.51953125 0.759765625 0.55859375 0.798828125
0 0.90625 0.666015625 0.9453125 0.626953125 0.90625 0.626953125 0.9453125 0.666015625
0 0.693359375 0.92578125 0.732421875 0.88671875 0.693359375 0.88671875 0.732421875 0.92578125
0 0.62890625 0.44140625 0.66796875 0.40234375 0.62890625 0.40234375 0.66796875 0.44140625
0 0.720703125 0.349609375 0.759765625 0.310546875 0.720703125 0.310546875 0.759765625 0.349609375
0 0.869140625 0.8359375 0.908203125 0.796875 0.869140625 0.796875 0.908203125 0.8359375
0 0.88671875 0.5703125 0.92578125 0.53125 0.88671875 0.53125 0.92578125 0.5703125
0 0.498046875 0.4765625 0.537109375 0.4375 0.498046875 0.4375 0.537109375 0.4765625
0 0.6640625 0.09765625 0.703125 0.05859375 0.6640625 0.05859375 0.703125 0.09765625
0 0.595703125 0.2109375 0.634765625 0.171875 0.595703125 0.171875 0.634765625 0.2109375
0 0.458984375 0.076171875 0.498046875 0.037109375 0.458984375 0.037109375 0.498046875 0.076171875
0 0.44140625 0.14453125 0.48046875 0.10546875 0.44140625 0.10546875 0.48046875 0.14453125
