0 0.291015625 0.150390625 0.330078125 0.111328125 0.291015625 0.111328125 0.330078125 0.150390625
0 0.75 0.66015625 0.7890625 0.62109375 0.75 0.62109375 0.7890625 0.66015625
0 0.802734375 0.658203125 0.841796875 0.619140625 0.802734375 0.619140625 0.841796875 0.658203125
0 0.90625 0.576171875 0.9453125 0.537109375 0.90625 0.537109375 0.9453125 0.576171875
0 0.90625 0.7890625 0.9453125 0.75 0.90625 0.75 0.9453125 0.7890625
0 0.64453125 0.755859375 0.68359375 0.716796875 0.64453125 0.716796875 0.68359375 0.755859375
0 0.59765625 0.63671875 0.63671875 0.59765625 0.59765625 0.59765625 0.63671875 0.63671875
0 0.4453125 0.515625 0.484375 0.4765625 0.4453125 0.4765625 0.484375 0.515625
0 0.185546875 0.73828125 0.224609375 0.69921875 0.185546875 0.69921875 0.224609375 0.73828125
0 0.416015625 0.9375 0.455078125 0.8984375 0.416015625 0.8984375 0.455078125 0.9375
0 0.259765625 0.30859375 0.298828125 0.26953125 0.259765625 0.26953125 0.298828125 0.30859375
