0 0.90625 0.21875 0.9453125 0.1796875 0.90625 0.1796875 0.9453125 0.21875
0 0.048828125 0.19921875 0.087890625 0.16015625 0.048828125 0.16015625 0.087890625 0.19921875
0 0.810546875 0.125 0.849609375 0.0859375 0.810546875 0.0859375 0.849609375 0.125
0 0.626953125 0.771484375 0.666015625 0.732421875 0.626953125 0.732421875 0.666015625 0.771484375
0 0.384765625 0.84375 0.423828125 0.8046875 0.384765625 0.8046875 0.423828125 0.84375
0 0.16796875 0.9453125 0.20703125 0.90625 0.16796875 0.90625 0.20703125 0.9453125
0 0.81640625 0.166015625 0.85546875 0.126953125 0.81640625 0.126953125 0.85546875 0.166015625
0 0.279296875 0.572265625 0.318359375 0.533203125 0.279296875 0.533203125 0.318359375 0.572265625
0 0.107421875 0.748046875 0.146484375 0.708984375 0.107421875 0.708984375 0.146484375 0.748046875
0 0.72265625 0.6640625 0.76171875 0.625 0.72265625 0.625 0.76171875 0.6640625
0 0.298828125 0.671875 0.337890625 0.6328125 0.298828125 0.6328125 0.337890625 0.671875
