0 0.166015625 0.466796875 0.205078125 0.427734375 0.166015625 0.427734375 0.205078125 0.466796875
0 0.55859375 0.376953125 0.59765625 0.337890625 0.55859375 0.337890625 0.59765625 0.376953125
0 0.8671875 0.310546875 0.90625 0.271484375 0.8671875 0.271484375 0.90625 0.310546875
0 0.279296875 0.70703125 0.318359375 0.66796875 0.279296875 0.66796875 0.318359375 0.70703125
0 0.630859375 0.92578125 0.669921875 0.88671875 0.630859375 0.88671875 0.669921875 0.92578125
0 0.216796875 0.384765625 0.255859375 0.345703125 0.216796875 0.345703125 0.255859375 0.384765625
0 0.400390625 0.21875 0.439453125 0.1796875 0.400390625 0.1796875 0.439453125 0.21875
0 0.8125 0.18359375 0.8515625 0.14453125 0.8125 0.14453125 0.8515625 0.18359375
0 0.48828125 0.509765625 0.52734375 0.470703125 0.48828125 0.470703125 0.52734375 0.509765625
0 0.34375 0.291015625 0.3828125 0.251953125 0.34375 0.251953125 0.3828125 0.291015625
0 0.169921875 0.810546875 0.208984375 0.771484375 0.169921875 0.771484375 0.208984375 0.810546875
0 0.6171875 0.470703125 0.65625 0.431640625 0.6171875 0.431640625 0.65625 0.470703125
