0 0.875 0.74609375 0.9140625 0.70703125 0.875 0.70703125 0.9140625 0.74609375
0 0.748046875 0.83203125 0.787109375 0.79296875 0.748046875 0.79296875 0.787109375 0.83203125
0 0.484375 0.841796875 0.5234375 0.802734375 0.484375 0.802734375 0.5234375 0.841796875
0 0.236328125 0.5625 0.275390625 0.5234375 0.236328125 0.5234375 0.275390625 0.5625
0 0.40625 0.603515625 0.4453125 0.564453125 0.40625 0.564453125 0.4453125 0.603515625
0 0.90625 0.451171875 0.9453125 0.412109375 0.90625 0.412109375 0.9453125 0.451171875
0 0.185546875 0.4921875 0.224609375 0.453125 0.185546875 0.453125 0.224609375 0.4921875
0 0.431640625 0.58203125 0.470703125 0.54296875 0.431640625 0.54296875 0.470703125 0.58203125
0 0.669921875 0.09375 0.708984375 0.0546875 0.669921875 0.0546875 0.708984375 0.09375
0 0.759765625 0.62890625 0.798828125 0.58984375 0.759765625 0.58984375 0.798828125 0.62890625
0 0.412109375 0.3671875 0.451171875 0.328125 0.412109375 0.328125 0.451171875 0.3671875
0 0.19140625 0.68359375 0.23046875 0.64453125 0.19140625 0.64453125 0.23046875 0.68359375
0 0.583984375 0.451171875 0.623046875 0.412109375 0.583984375 0.412109375 0.623046875 0.451171875
