0 0.82421875 0.681640625 0.86328125 0.642578125 0.82421875 0.642578125 0.86328125 0.681640625
0 0.37109375 0.068359375 0.41015625 0.029296875 0.37109375 0.029296875 0.41015625 0.068359375
0 0.78125 0.13671875 0.8203125 0.09765625 0.78125 0.09765625 0.8203125 0.13671875
0 0.71484375 0.845703125 0.75390625 0.806640625 0.71484375 0.806640625 0.75390625 0.845703125
0 0.53125 0.337890625 0.5703125 0.298828125 0.53125 0.298828125 0.5703125 0.337890625
0 0.697265625 0.31640625 0.736328125 0.27734375 0.697265625 0.27734375 0.736328125 0.31640625
0 0.82421875 0.19921875 0.86328125 0.16015625 0.82421875 0.16015625 0.86328125 0.19921875
0 0.064453125 0.841796875 0.103515625 0.802734375 0.064453125 0.802734375 0.103515625 0.841796875
0 0.232421875 0.595703125 0.271484375 0.556640625 0.232421875 0.556640625 0.271484375 0.595703125
0 0.888671875 0.708984375 0.927734375 0.669921875 0.888671875 0.669921875 0.927734375 0.708984375
