0 0.35546875 0.353515625 0.39453125 0.314453125 0.35546875 0.314453125 0.39453125 0.353515625
0 0.392578125 0.25 0.431640625 0.2109375 0.392578125 0.2109375 0.431640625 0.25
0 0.478515625 0.6328125 0.517578125 0.59375 0.478515625 0.59375 0.517578125 0.6328125
0 0.0546875 0.77734375 0.09375 0.73828125 0.0546875 0.73828125 0.09375 0.77734375
0 0.857421875 0.263671875 0.896484375 0.224609375 0.857421875 0.224609375 0.896484375 0.263671875
0 0.328125 0.583984375 0.3671875 0.544921875 0.328125 0.544921875 0.3671875 0.583984375
0 0.09765625 0.458984375 0.13671875 0.419921875 0.09765625 0.419921875 0.13671875 0.458984375
0 0.29296875 0.53125 0.33203125 0.4921875 0.29296875 0.4921875 0.33203125 0.53125
0 0.046875 0.32421875 0.0859375 0.28515625 0.046875 0.28515625 0.0859375 0.32421875
0 0.53125 0.6875 0.5703125 0.6484375 0.53125 0.6484375 0.5703125 0.6875
0 0.203125 0.73828125 0.2421875 0.69921875 0.203125 0.69921875 0.2421875 0.73828125
0 0.0546875 0.30859375 0.09375 0.26953125 0.0546875 0.26953125 0.09375 0.30859375
