0 0.884765625 0.166015625 0.923828125 0.126953125 0.884765625 0.126953125 0.923828125 0.166015625
0 0.076171875 0.8125 0.115234375 0.7734375 0.076171875 0.7734375 0.115234375 0.8125
0 0.474609375 0.142578125 0.513671875 0.103515625 0.474609375 0.103515625 0.513671875 0.142578125
0 0.7578125 0.181640625 0.796875 0.142578125 0.7578125 0.142578125 0.796875 0.181640625
0 0.705078125 0.9609375 0.744140625 0.921875 0.705078125 0.921875 0.744140625 0.9609375
0 0.220703125 0.896484375 0.259765625 0.857421875 0.220703125 0.857421875 0.259765625 0.896484375
0 0.828125 0.779296875 0.8671875 0.740234375 0.828125 0.740234375 0.8671875 0.779296875
0 0.626953125 0.41796875 0.666015625 0.37890625 0.626953125 0.37890625 0.666015625 0.41796875
0 0.47265625 0.42578125 0.51171875 0.38671875 0.47265625 0.38671875 0.51171875 0.42578125
0 0.83984375 0.90625 0.87890625 0.8671875 0.83984375 0.8671875 0.87890625 0.90625
0 0.751953125 0.4765625 0.791015625 0.4375 0.751953125 0.4375 0.791015625 0.4765625
0 0.572265625 0.779296875 0.611328125 0.740234375 0.572265625 0.740234375 0.611328125 0.779296875
0 0.6015625 0.7890625 0.640625 0.75 0.6015625 0.75 0.640625 0.7890625
