0 0.85546875 0.501953125 0.89453125 0.462890625 0.85546875 0.462890625 0.89453125 0.501953125
0 0.48046875 0.734375 0.51953125 0.6953125 0.48046875 0.6953125 0.51953125 0.734375
0 0.083984375 0.771484375 0.123046875 0.732421875 0.083984375 0.732421875 0.123046875 0.771484375
0 0.30859375 0.8515625 0.34765625 0.8125 0.30859375 0.8125 0.34765625 0.8515625
0 0.6484375 0.36328125 0.6875 0.32421875 0.6484375 0.32421875 0.6875 0.36328125
0 0.287109375 0.3828125 0.326171875 0.34375 0.287109375 0.34375 0.326171875 0.3828125
0 0.224609375 0.30859375 0.263671875 0.26953125 0.224609375 0.26953125 0.263671875 0.30859375
0 0.865234375 0.759765625 0.904296875 0.720703125 0.865234375 0.720703125 0.904296875 0.759765625
0 0.91015625 0.470703125 0.94921875 0.431640625 0.91015625 0.431640625 0.94921875 0.470703125
0 0.748046875 0.177734375 0.787109375 0.138671875 0.748046875 0.138671875 0.787109375 0.177734375
0 0.419921875 0.58203125 0.458984375 0.54296875 0.419921875 0.54296875 0.458984375 0.58203125
