0 0.5 0.359375 0.5390625 0.3203125 0.5 0.3203125 0.5390625 0.359375
0 0.22265625 0.408203125 0.26171875 0.369140625 0.22265625 0.369140625 0.26171875 0.408203125
0 0.7421875 0.578125 0.78125 0.5390625 0.7421875 0.5390625 0.78125 0.578125
0 0.181640625 0.5234375 0.220703125 0.484375 0.181640625 0.484375 0.220703125 0.5234375
0 0.240234375 0.201171875 0.279296875 0.162109375 0.240234375 0.162109375 0.279296875 0.201171875
0 0.87890625 0.962890625 0.91796875 0.923828125 0.87890625 0.923828125 0.91796875 0.962890625
0 0.55859375 0.2734375 0.59765625 0.234375 0.55859375 0.234375 0.59765625 0.2734375
0 0.275390625 0.900390625 0.314453125 0.861328125 0.275390625 0.861328125 0.314453125 0.900390625
0 0.330078125 0.5234375 0.369140625 0.484375 0.330078125 0.484375 0.369140625 0.5234375
0 0.08203125 0.337890625 0.12109375 0.298828125 0.08203125 0.298828125 0.12109375 0.337890625
0 0.814453125 0.240234375 0.853515625 0.201171875 0.814453125 0.201171875 0.853515625 0.240234375
0 0.23046875 0.443359375 0.26953125 0.404296875 0.23046875 0.404296875 0.26953125 0.443359375
