0 0.796875 0.5234375 0.8359375 0.484375 0.796875 0.484375 0.8359375 0.5234375
0 0.7265625 0.744140625 0.765625 0.705078125 0.7265625 0.705078125 0.765625 0.744140625
0 0.6640625 0.453125 0.703125 0.4140625 0.6640625 0.4140625 0.703125 0.453125
0 0.357421875 0.1796875 0.396484375 0.140625 0.357421875 0.140625 0.396484375 0.1796875
0 0.423828125 0.13671875 0.462890625 0.09765625 0.423828125 0.09765625 0.462890625 0.13671875
0 0.03515625 0.958984375 0.07421875 0.919921875 0.03515625 0.919921875 0.07421875 0.958984375
0 0.427734375 0.431640625 0.466796875 0.392578125 0.427734375 0.392578125 0.466796875 0.431640625
0 0.220703125 0.74609375 0.259765625 0.70703125 0.220703125 0.70703125 0.259765625 0.74609375
0 0.708984375 0.52734375 0.748046875 0.48828125 0.708984375 0.48828125 0.748046875 0.52734375
0 0.09765625 0.912109375 0.13671875 0.873046875 0.09765625 0.873046875 0.13671875 0.912109375
0 0.490234375 0.14453125 0.529296875 0.10546875 0.490234375 0.10546875 0.529296875 0.14453125
0 0.41015625 0.607421875 0.44921875 0.568359375 0.41015625 0.568359375 0.44921875 0.607421875
