0 0.20703125 0.826171875 0.24609375 0.787109375 0.20703125 0.787109375 0.24609375 0.826171875
0 0.15234375 0.158203125 0.19140625 0.119140625 0.15234375 0.119140625 0.19140625 0.158203125
0 0.908203125 0.30859375 0.947265625 0.26953125 0.908203125 0.26953125 0.947265625 0.30859375
0 0.787109375 0.794921875 0.826171875 0.755859375 0.787109375 0.755859375 0.826171875 0.794921875
0 0.169921875 0.359375 0.208984375 0.3203125 0.169921875 0.3203125 0.208984375 0.359375
0 0.822265625 0.935546875 0.861328125 0.896484375 0.822265625 0.896484375 0.861328125 0.935546875
0 0.3671875 0.208984375 0.40625 0.169921875 0.3671875 0.169921875 0.40625 0.208984375
0 0.173828125 0.232421875 0.212890625 0.193359375 0.173828125 0.193359375 0.212890625 0.232421875
0 0.119140625 0.162109375 0.158203125 0.123046875 0.119140625 0.123046875 0.158203125 0.162109375
0 0.41015625 0.546875 0.44921875 0.5078125 0.41015625 0.5078125 0.44921875 0.546875
0 0.607421875 0.642578125 0.646484375 0.603515625 0.607421875 0.603515625 0.646484375 0.642578125
0 0.896484375 0.505859375 0.935546875 0.466796875 0.896484375 0.466796875 0.935546875 0.505859375
0 0.138671875 0.126953125 0.177734375 0.087890625 0.138671875 0.087890625 0.177734375 0.126953125
