0 0.4765625 0.951171875 0.515625 0.912109375 0.4765625 0.912109375 0.515625 0.951171875
0 0.03515625 0.416015625 0.07421875 0.376953125 0.03515625 0.376953125 0.07421875 0.416015625
0 0.0390625 0.1484375 0.078125 0.109375 0.0390625 0.109375 0.078125 0.1484375
0 0.642578125 0.107421875 0.681640625 0.068359375 0.642578125 0.068359375 0.681640625 0.107421875
0 0.048828125 0.607421875 0.087890625 0.568359375 0.048828125 0.568359375 0.087890625 0.607421875
0 0.3203125 0.123046875 0.359375 0.083984375 0.3203125 0.083984375 0.359375 0.123046875
0 0.576171875 0.375 0.615234375 0.3359375 0.576171875 0.3359375 0.615234375 0.375
0 0.74609375 0.498046875 0.78515625 0.458984375 0.74609375 0.458984375 0.78515625 0.498046875
0 0.291015625 0.919921875 0.330078125 0.880859375 0.291015625 0.880859375 0.330078125 0.919921875
0 0.263671875 0.138671875 0.302734375 0.099609375 0.263671875 0.099609375 0.302734375 0.138671875
0 0.298828125 0.7578125 0.337890625 0.71875 0.298828125 0.71875 0.337890625 0.7578125
0 0.57421875 0.466796875 0.61328125 0.427734375 0.57421875 0.427734375 0.61328125 0.466796875
