0 0.89453125 0.814453125 0.93359375 0.775390625 0.89453125 0.775390625 0.93359375 0.814453125
0 0.802734375 0.69140625 0.841796875 0.65234375 0.802734375 0.65234375 0.841796875 0.69140625
0 0.076171875 0.201171875 0.115234375 0.162109375 0.076171875 0.162109375 0.115234375 0.201171875
0 0.669921875 0.130859375 0.708984375 0.091796875 0.669921875 0.091796875 0.708984375 0.130859375
0 0.716796875 0.755859375 0.755859375 0.716796875 0.716796875 0.716796875 0.755859375 0.755859375
0 0.455078125 0.748046875 0.494140625 0.708984375 0.455078125 0.708984375 0.494140625 0.748046875
0 0.20703125 0.896484375 0.24609375 0.857421875 0.20703125 0.857421875 0.24609375 0.896484375
0 0.08984375 0.9375 0.12890625 0.8984375 0.08984375 0.8984375 0.12890625 0.9375
0 0.640625 0.55859375 0.6796875 0.51953125 0.640625 0.51953125 0.6796875 0.55859375
0 0.80859375 0.400390625 0.84765625 0.361328125 0.80859375 0.361328125 0.84765625 0.400390625
0 0.74609375 0.2109375 0.78515625 0.171875 0.74609375 0.171875 0.78515625 0.2109375
