0 0.423828125 0.296875 0.462890625 0.2578125 0.423828125 0.2578125 0.462890625 0.296875
0 0.330078125 0.8359375 0.369140625 0.796875 0.330078125 0.796875 0.369140625 0.8359375
0 0.185546875 0.330078125 0.224609375 0.291015625 0.185546875 0.291015625 0.224609375 0.330078125
0 0.439453125 0.091796875 0.478515625 0.052734375 0.439453125 0.052734375 0.478515625 0.091796875
0 0.404296875 0.42578125 0.443359375 0.38671875 0.404296875 0.38671875 0.443359375 0.42578125
0 0.390625 0.09375 0.4296875 0.0546875 0.390625 0.0546875 0.4296875 0.09375
0 0.0625 0.8671875 0.1015625 0.828125 0.0625 0.828125 0.1015625 0.8671875
0 0.09375 0.0859375 0.1328125 0.046875 0.09375 0.046875 0.1328125 0.0859375
0 0.498046875 0.693359375 0.537109375 0.654296875 0.498046875 0.654296875 0.537109375 0.693359375
0 0.689453125 0.693359375 0.728515625 0.654296875 0.689453125 0.654296875 0.728515625 0.693359375
