0 0.33984375 0.875 0.37890625 0.8359375 0.33984375 0.8359375 0.37890625 0.875
0 0.43359375 0.876953125 0.47265625 0.837890625 0.43359375 0.837890625 0.47265625 0.876953125
0 0.1171875 0.73828125 0.15625 0.69921875 0.1171875 0.69921875 0.15625 0.73828125
0 0.74609375 0.8359375 0.78515625 0.796875 0.74609375 0.796875 0.78515625 0.8359375
0 0.123046875 0.53125 0.162109375 0.4921875 0.123046875 0.4921875 0.162109375 0.53125
0 0.130859375 0.810546875 0.169921875 0.771484375 0.130859375 0.771484375 0.169921875 0.810546875
0 0.09765625 0.443359375 0.13671875 0.404296875 0.09765625 0.404296875 0.13671875 0.443359375
0 0.04296875 0.189453125 0.08203125 0.150390625 0.04296875 0.150390625 0.08203125 0.189453125
0 0.470703125 0.9140625 0.509765625 0.875 0.470703125 0.875 0.509765625 0.9140625
0 0.357421875 0.6015625 0.396484375 0.5625 0.357421875 0.5625 0.396484375 0.6015625
0 0.50390625 0.318359375 0.54296875 0.279296875 0.50390625 0.279296875 0.54296875 0.318359375
0 0.701171875 0.595703125 0.740234375 0.556640625 0.701171875 0.556640625 0.740234375 0.595703125
0 0.638671875 0.1875 0.677734375 0.1484375 0.638671875 0.1484375 0.677734375 0.1875
