0 0.365234375 0.326171875 0.404296875 0.287109375 0.365234375 0.287109375 0.404296875 0.326171875
0 0.201171875 0.646484375 0.240234375 0.607421875 0.201171875 0.607421875 0.240234375 0.646484375
0 0.689453125 0.072265625 0.728515625 0.033203125 0.689453125 0.033203125 0.728515625 0.072265625
0 0.8125 0.80859375 0.8515625 0.76953125 0.8125 0.76953125 0.8515625 0.80859375
0 0.6953125 0.630859375 0.734375 0.591796875 0.6953125 0.591796875 0.734375 0.630859375
0 0.904296875 0.283203125 0.943359375 0.244140625 0.904296875 0.244140625 0.943359375 0.283203125
0 0.169921875 0.5859375 0.208984375 0.546875 0.169921875 0.546875 0.208984375 0.5859375
0 0.525390625 0.4765625 0.564453125 0.4375 0.525390625 0.4375 0.564453125 0.4765625
0 0.498046875 0.37109375 0.537109375 0.33203125 0.498046875 0.33203125 0.537109375 0.37109375
0 0.498046875 0.498046875 0.537109375 0.458984375 0.498046875 0.458984375 0.537109375 0.498046875
0 0.640625 0.958984375 0.6796875 0.919921875 0.640625 0.919921875 0.6796875 0.958984375
