0 0.583984375 0.62890625 0.623046875 0.58984375 0.583984375 0.58984375 0.623046875 0.62890625
0 0.072265625 0.462890625 0.111328125 0.423828125 0.072265625 0.423828125 0.111328125 0.462890625
0 0.701171875 0.203125 0.740234375 0.1640625 0.701171875 0.1640625 0.740234375 0.203125
0 0.6171875 0.09765625 0.65625 0.05859375 0.6171875 0.05859375 0.65625 0.09765625
0 0.607421875 0.169921875 0.646484375 0.130859375 0.607421875 0.130859375 0.646484375 0.169921875
0 0.26953125 0.892578125 0.30859375 0.853515625 0.26953125 0.853515625 0.30859375 0.892578125
0 0.208984375 0.283203125 0.248046875 0.244140625 0.208984375 0.244140625 0.248046875 0.283203125
0 0.255859375 0.427734375 0.294921875 0.388671875 0.255859375 0.388671875 0.294921875 0.427734375
0 0.453125 0.099609375 0.4921875 0.060546875 0.453125 0.060546875 0.4921875 0.099609375
0 0.28125 0.80078125 0.3203125 0.76171875 0.28125 0.76171875 0.3203125 0.80078125
0 0.609375 0.76171875 0.6484375 0.72265625 0.609375 0.72265625 0.6484375 0.76171875
0 0.62109375 0.716796875 0.66015625 0.677734375 0.62109375 0.677734375 0.66015625 0.716796875
0 0.478515625 0.33984375 0.517578125 0.30078125 0.478515625 0.30078125 0.517578125 0.33984375
