0 0.486328125 0.28515625 0.525390625 0.24609375 0.486328125 0.24609375 0.525390625 0.28515625
0 0.037109375 0.376953125 0.076171875 0.337890625 0.037109375 0.337890625 0.076171875 0.376953125
0 0.423828125 0.703125 0.462890625 0.6640625 0.423828125 0.6640625 0.462890625 0.703125
0 0.482421875 0.8125 0.521484375 0.7734375 0.482421875 0.7734375 0.521484375 0.8125
0 0.833984375 0.708984375 0.873046875 0.669921875 0.833984375 0.669921875 0.873046875 0.708984375
0 0.41796875 0.189453125 0.45703125 0.150390625 0.41796875 0.150390625 0.45703125 0.189453125
0 0.833984375 0.44921875 0.873046875 0.41015625 0.833984375 0.41015625 0.873046875 0.44921875
0 0.22265625 0.412109375 0.26171875 0.373046875 0.22265625 0.373046875 0.26171875 0.412109375
0 0.81640625 0.822265625 0.85546875 0.783203125 0.81640625 0.783203125 0.85546875 0.822265625
0 0.306640625 0.962890625 0.345703125 0.923828125 0.306640625 0.923828125 0.345703125 0.962890625
0 0.568359375 0.830078125 0.607421875 0.791015625 0.568359375 0.791015625 0.607421875 0.830078125
0 0.72265625 0.513671875 0.76171875 0.474609375 0.72265625 0.474609375 0.76171875 0.513671875
