0 0.271484375 0.263671875 0.310546875 0.224609375 0.271484375 0.224609375 0.310546875 0.263671875
0 0.728515625 0.576171875 0.767578125 0.537109375 0.728515625 0.537109375 0.767578125 0.576171875
0 0.544921875 0.365234375 0.583984375 0.326171875 0.544921875 0.326171875 0.583984375 0.365234375
0 0.48828125 0.451171875 0.52734375 0.412109375 0.48828125 0.412109375 0.52734375 0.451171875
0 0.43359375 0.22265625 0.47265625 0.18359375 0.43359375 0.18359375 0.47265625 0.22265625
0 0.47265625 0.83203125 0.51171875 0.79296875 0.47265625 0.79296875 0.51171875 0.83203125
0 0.541015625 0.505859375 0.580078125 0.466796875 0.541015625 0.466796875 0.580078125 0.505859375
0 0.02734375 0.767578125 0.06640625 0.728515625 0.02734375 0.728515625 0.06640625 0.767578125
0 0.166015625 0.857421875 0.205078125 0.818359375 0.166015625 0.818359375 0.205078125 0.857421875
0 0.0859375 0.228515625 0.125 0.189453125 0.0859375 0.189453125 0.125 0.228515625
0 0.85546875 0.41796875 0.89453125 0.37890625 0.85546875 0.37890625 0.89453125 0.41796875
0 0.818359375 0.337890625 0.857421875 0.298828125 0.818359375 0.298828125 0.857421875 0.337890625
