0 0.056640625 0.8984375 0.095703125 0.859375 0.056640625 0.859375 0.095703125 0.8984375
0 0.67578125 0.150390625 0.71484375 0.111328125 0.67578125 0.111328125 0.71484375 0.150390625
0 0.6484375 0.349609375 0.6875 0.310546875 0.6484375 0.310546875 0.6875 0.349609375
0 0.63671875 0.51953125 0.67578125 0.48046875 0.63671875 0.48046875 0.67578125 0.51953125
0 0.2578125 0.697265625 0.296875 0.658203125 0.2578125 0.658203125 0.296875 0.697265625
0 0.677734375 0.91015625 0.716796875 0.87109375 0.677734375 0.87109375 0.716796875 0.91015625
0 0.880859375 0.765625 0.919921875 0.7265625 0.880859375 0.7265625 0.919921875 0.765625
0 0.828125 0.076171875 0.8671875 0.037109375 0.828125 0.037109375 0.8671875 0.076171875
0 0.162109375 0.91015625 0.201171875 0.87109375 0.162109375 0.87109375 0.201171875 0.91015625
0 0.474609375 0.830078125 0.513671875 0.791015625 0.474609375 0.791015625 0.513671875 0.830078125
0 0.36328125 0.451171875 0.40234375 0.412109375 0.36328125 0.412109375 0.40234375 0.451171875
0 0.705078125 0.302734375 0.744140625 0.263671875 0.705078125 0.263671875 0.744140625 0.302734375
0 0.755859375 0.466796875 0.794921875 0.427734375 0.755859375 0.427734375 0.794921875 0.466796875
