0 0.671875 0.103515625 0.7109375 0.064453125 0.671875 0.064453125 0.7109375 0.103515625
0 0.849609375 0.912109375 0.888671875 0.873046875 0.849609375 0.873046875 0.888671875 0.912109375
0 0.40625 0.962890625 0.4453125 0.923828125 0.40625 0.923828125 0.4453125 0.962890625
0 0.4296875 0.326171875 0.46875 0.287109375 0.4296875 0.287109375 0.46875 0.326171875
0 0.916015625 0.69140625 0.955078125 0.65234375 0.916015625 0.65234375 0.955078125 0.69140625
0 0.0546875 0.828125 0.09375 0.7890625 0.0546875 0.7890625 0.09375 0.828125
0 0.884765625 0.685546875 0.923828125 0.646484375 0.884765625 0.646484375 0.923828125 0.685546875
0 0.71875 0.95703125 0.7578125 0.91796875 0.71875 0.91796875 0.7578125 0.95703125
0 0.556640625 0.4296875 0.595703125 0.390625 0.556640625 0.390625 0.595703125 0.4296875
0 0.712890625 0.810546875 0.751953125 0.771484375 0.712890625 0.771484375 0.751953125 0.810546875
0 0.34375 0.283203125 0.3828125 0.244140625 0.34375 0.244140625 0.3828125 0.283203125
