0 0.1875 0.5078125 0.2265625 0.46875 0.1875 0.46875 0.2265625 0.5078125
0 0.193359375 0.505859375 0.232421875 0.466796875 0.193359375 0.466796875 0.232421875 0.505859375
0 0.884765625 0.908203125 0.923828125 0.869140625 0.884765625 0.869140625 0.923828125 0.908203125
0 0.57421875 0.169921875 0.61328125 0.130859375 0.57421875 0.130859375 0.61328125 0.169921875
0 0.5859375 0.09375 0.625 0.0546875 0.5859375 0.0546875 0.625 0.09375
0 0.15625 0.087890625 0.1953125 0.048828125 0.15625 0.048828125 0.1953125 0.087890625
0 0.373046875 0.865234375 0.412109375 0.826171875 0.373046875 0.826171875 0.412109375 0.865234375
0 0.314453125 0.873046875 0.353515625 0.833984375 0.314453125 0.833984375 0.353515625 0.873046875
0 0.634765625 0.130859375 0.673828125 0.091796875 0.634765625 0.091796875 0.673828125 0.130859375
0 0.705078125 0.841796875 0.744140625 0.802734375 0.705078125 0.802734375 0.744140625 0.841796875
0 0.703125 0.677734375 0.7421875 0.638671875 0.703125 0.638671875 0.7421875 0.677734375
0 0.103515625 0.578125 0.142578125 0.5390625 0.103515625 0.5390625 0.142578125 0.578125
0 0.69140625 0.1640625 0.73046875 0.125 0.69140625 0.125 0.73046875 0.1640625
