0 0.498046875 0.6640625 0.537109375 0.625 0.498046875 0.625 0.537109375 0.6640625
0 0.1640625 0.857421875 0.203125 0.818359375 0.1640625 0.818359375 0.203125 0.857421875
0 0.16796875 0.30078125 0.20703125 0.26171875 0.16796875 0.26171875 0.20703125 0.30078125
0 0.5703125 0.95703125 0.609375 0.91796875 0.5703125 0.91796875 0.609375 0.95703125
0 0.283203125 0.439453125 0.322265625 0.400390625 0.283203125 0.400390625 0.322265625 0.439453125
0 0.4921875 0.673828125 0.53125 0.634765625 0.4921875 0.634765625 0.53125 0.673828125
0 0.2734375 0.70703125 0.3125 0.66796875 0.2734375 0.66796875 0.3125 0.70703125
0 0.037109375 0.169921875 0.076171875 0.130859375 0.037109375 0.130859375 0.076171875 0.169921875
0 0.5546875 0.619140625 0.59375 0.580078125 0.5546875 0.580078125 0.59375 0.619140625
0 0.548828125 0.67578125 0.587890625 0.63671875 0.548828125 0.63671875 0.587890625 0.67578125
