0 0.677734375 0.5234375 0.716796875 0.484375 0.677734375 0.484375 0.716796875 0.5234375
0 0.68359375 0.744140625 0.72265625 0.705078125 0.68359375 0.705078125 0.72265625 0.744140625
0 0.701171875 0.578125 0.740234375 0.5390625 0.701171875 0.5390625 0.740234375 0.578125
0 0.123046875 0.640625 0.162109375 0.6015625 0.123046875 0.6015625 0.162109375 0.640625
0 0.697265625 0.46875 0.736328125 0.4296875 0.697265625 0.4296875 0.736328125 0.46875
0 0.73828125 0.34375 0.77734375 0.3046875 0.73828125 0.3046875 0.77734375 0.34375
0 0.697265625 0.423828125 0.736328125 0.384765625 0.697265625 0.384765625 0.736328125 0.423828125
0 0.798828125 0.845703125 0.837890625 0.806640625 0.798828125 0.806640625 0.837890625 0.845703125
0 0.869140625 0.609375 0.908203125 0.5703125 0.869140625 0.5703125 0.908203125 0.609375
0 0.796875 0.26171875 0.8359375 0.22265625 0.796875 0.22265625 0.8359375 0.26171875
0 0.125 0.123046875 0.1640625 0.083984375 0.125 0.083984375 0.1640625 0.123046875
0 0.642578125 0.169921875 0.681640625 0.130859375 0.642578125 0.130859375 0.681640625 0.169921875
