0 0.41015625 0.306640625 0.44921875 0.267578125 0.41015625 0.267578125 0.44921875 0.306640625
0 0.447265625 0.40234375 0.486328125 0.36328125 0.447265625 0.36328125 0.486328125 0.40234375
0 0.05859375 0.296875 0.09765625 0.2578125 0.05859375 0.2578125 0.09765625 0.296875
0 0.494140625 0.181640625 0.533203125 0.142578125 0.494140625 0.142578125 0.533203125 0.181640625
0 0.744140625 0.244140625 0.783203125 0.205078125 0.744140625 0.205078125 0.783203125 0.244140625
0 0.650390625 0.3046875 0.689453125 0.265625 0.650390625 0.265625 0.689453125 0.3046875
0 0.845703125 0.84765625 0.884765625 0.80859375 0.845703125 0.80859375 0.884765625 0.84765625
0 0.75390625 0.10546875 0.79296875 0.06640625 0.75390625 0.06640625 0.79296875 0.10546875
0 0.4921875 0.603515625 0.53125 0.564453125 0.4921875 0.564453125 0.53125 0.603515625
0 0.779296875 0.57421875 0.818359375 0.53515625 0.779296875 0.53515625 0.818359375 0.57421875
0 0.171875 0.2109375 0.2109375 0.171875 0.171875 0.171875 0.2109375 0.2109375
0 0.734375 0.33203125 0.7734375 0.29296875 0.734375 0.29296875 0.7734375 0.33203125
0 0.490234375 0.96484375 0.529296875 0.92578125 0.490234375 0.92578125 0.529296875 0.96484375
0 0.185546875 0.64453125 0.224609375 0.60546875 0.185546875 0.60546875 0.224609375 0.64453125
