0 0.283203125 0.419921875 0.322265625 0.380859375 0.283203125 0.380859375 0.322265625 0.419921875
0 0.357421875 0.3046875 0.396484375 0.265625 0.357421875 0.265625 0.396484375 0.3046875
0 0.466796875 0.9453125 0.505859375 0.90625 0.466796875 0.90625 0.505859375 0.9453125
0 0.044921875 0.57421875 0.083984375 0.53515625 0.044921875 0.53515625 0.083984375 0.57421875
0 0.8203125 0.240234375 0.859375 0.201171875 0.8203125 0.201171875 0.859375 0.240234375
0 0.458984375 0.103515625 0.498046875 0.064453125 0.458984375 0.064453125 0.498046875 0.103515625
0 0.82421875 0.44921875 0.86328125 0.41015625 0.82421875 0.41015625 0.86328125 0.44921875
0 0.357421875 0.861328125 0.396484375 0.822265625 0.357421875 0.822265625 0.396484375 0.861328125
0 0.359375 0.85546875 0.3984375 0.81640625 0.359375 0.81640625 0.3984375 0.85546875
0 0.123046875 0.2265625 0.162109375 0.1875 0.123046875 0.1875 0.162109375 0.2265625
0 0.423828125 0.111328125 0.462890625 0.072265625 0.423828125 0.072265625 0.462890625 0.111328125
0 0.541015625 0.181640625 0.580078125 0.142578125 0.541015625 0.142578125 0.580078125 0.181640625
0 0.84375 0.404296875 0.8828125 0.365234375 0.84375 0.365234375 0.8828125 0.404296875
0 0.40234375 0.302734375 0.44140625 0.263671875 0.40234375 0.263671875 0.44140625 0.302734375
