0 0.564453125 0.50390625 0.603515625 0.46484375 0.564453125 0.46484375 0.603515625 0.50390625
0 0.208984375 0.369140625 0.248046875 0.330078125 0.208984375 0.330078125 0.248046875 0.369140625
0 0.537109375 0.427734375 0.576171875 0.388671875 0.537109375 0.388671875 0.576171875 0.427734375
0 0.82421875 0.90234375 0.86328125 0.86328125 0.82421875 0.86328125 0.86328125 0.90234375
0 0.296875 0.427734375 0.3359375 0.388671875 0.296875 0.388671875 0.3359375 0.427734375
0 0.1796875 0.724609375 0.21875 0.685546875 0.1796875 0.685546875 0.21875 0.724609375
0 0.447265625 0.634765625 0.486328125 0.595703125 0.447265625 0.595703125 0.486328125 0.634765625
0 0.640625 0.12890625 0.6796875 0.08984375 0.640625 0.08984375 0.6796875 0.12890625
0 0.25 0.916015625 0.2890625 0.876953125 0.25 0.876953125 0.2890625 0.916015625
0 0.306640625 0.609375 0.345703125 0.5703125 0.306640625 0.5703125 0.345703125 0.609375
0 0.4453125 0.083984375 0.484375 0.044921875 0.4453125 0.044921875 0.484375 0.083984375
0 0.029296875 0.212890625 0.068359375 0.173828125 0.029296875 0.173828125 0.068359375 0.212890625
0 0.8046875 0.5546875 0.84375 0.515625 0.8046875 0.515625 0.84375 0.5546875
0 0.125 0.158203125 0.1640625 0.119140625 0.125 0.119140625 0.1640625 0.158203125
