0 0.470703125 0.5703125 0.509765625 0.53125 0.470703125 0.53125 0.509765625 0.5703125
0 0.458984375 0.939453125 0.498046875 0.900390625 0.458984375 0.900390625 0.498046875 0.939453125
0 0.580078125 0.20703125 0.619140625 0.16796875 0.580078125 0.16796875 0.619140625 0.20703125
0 0.38671875 0.5 0.42578125 0.4609375 0.38671875 0.4609375 0.42578125 0.5
0 0.38671875 0.439453125 0.42578125 0.400390625 0.38671875 0.400390625 0.42578125 0.439453125
0 0.75 0.88671875 0.7890625 0.84765625 0.75 0.84765625 0.7890625 0.88671875
0 0.251953125 0.9375 0.291015625 0.8984375 0.251953125 0.8984375 0.291015625 0.9375
0 0.546875 0.884765625 0.5859375 0.845703125 0.546875 0.845703125 0.5859375 0.884765625
0 0.26171875 0.94140625 0.30078125 0.90234375 0.26171875 0.90234375 0.30078125 0.94140625
0 0.21484375 0.08203125 0.25390625 0.04296875 0.21484375 0.04296875 0.25390625 0.08203125
0 0.73046875 0.75 0.76953125 0.7109375 0.73046875 0.7109375 0.76953125 0.75
0 0.55078125 0.900390625 0.58984375 0.861328125 0.55078125 0.861328125 0.58984375 0.900390625
0 0.85546875 0.1796875 0.89453125 0.140625 0.85546875 0.140625 0.89453125 0.1796875
