0 0.275390625 0.814453125 0.314453125 0.775390625 0.275390625 0.775390625 0.314453125 0.814453125
0 0.576171875 0.23828125 0.615234375 0.19921875 0.576171875 0.19921875 0.615234375 0.23828125
0 0.82421875 0.41015625 0.86328125 0.37109375 0.82421875 0.37109375 0.86328125 0.41015625
0 0.693359375 0.5546875 0.732421875 0.515625 0.693359375 0.515625 0.732421875 0.5546875
0 0.365234375 0.07421875 0.404296875 0.03515625 0.365234375 0.03515625 0.404296875 0.07421875
0 0.376953125 0.380859375 0.416015625 0.341796875 0.376953125 0.341796875 0.416015625 0.380859375
0 0.8125 0.45703125 0.8515625 0.41796875 0.8125 0.41796875 0.8515625 0.45703125
0 0.4765625 0.2890625 0.515625 0.25 0.4765625 0.25 0.515625 0.2890625
0 0.482421875 0.630859375 0.521484375 0.591796875 0.482421875 0.591796875 0.521484375 0.630859375
0 0.1015625 0.609375 0.140625 0.5703125 0.1015625 0.5703125 0.140625 0.609375
0 0.15625 0.54296875 0.1953125 0.50390625 0.15625 0.50390625 0.1953125 0.54296875
