0 0.328125 0.712890625 0.3671875 0.673828125 0.328125 0.673828125 0.3671875 0.712890625
0 0.21484375 0.45703125 0.25390625 0.41796875 0.21484375 0.41796875 0.25390625 0.45703125
0 0.869140625 0.52734375 0.908203125 0.48828125 0.869140625 0.48828125 0.908203125 0.52734375
0 0.71875 0.234375 0.7578125 0.1953125 0.71875 0.1953125 0.7578125 0.234375
0 0.857421875 0.224609375 0.896484375 0.185546875 0.857421875 0.185546875 0.896484375 0.224609375
0 0.09765625 0.1640625 0.13671875 0.125 0.09765625 0.125 0.13671875 0.1640625
0 0.53125 0.71484375 0.5703125 0.67578125 0.53125 0.67578125 0.5703125 0.71484375
0 0.564453125 0.673828125 0.603515625 0.634765625 0.564453125 0.634765625 0.603515625 0.673828125
0 0.109375 0.69140625 0.1484375 0.65234375 0.109375 0.65234375 0.1484375 0.69140625
0 0.890625 0.66796875 0.9296875 0.62890625 0.890625 0.62890625 0.9296875 0.66796875
0 0.21875 0.736328125 0.2578125 0.697265625 0.21875 0.697265625 0.2578125 0.736328125
0 0.380859375 0.9296875 0.419921875 0.890625 0.380859375 0.890625 0.419921875 0.9296875
0 0.43359375 0.23046875 0.47265625 0.19140625 0.43359375 0.19140625 0.47265625 0.23046875
0 0.486328125 0.306640625 0.525390625 0.267578125 0.486328125 0.267578125 0.525390625 0.306640625
