0 0.26171875 0.783203125 0.30078125 0.744140625 0.26171875 0.744140625 0.30078125 0.783203125
0 0.537109375 0.353515625 0.576171875 0.314453125 0.537109375 0.314453125 0.576171875 0.353515625
0 0.53515625 0.44921875 0.57421875 0.41015625 0.53515625 0.41015625 0.57421875 0.44921875
0 0.453125 0.6640625 0.4921875 0.625 0.453125 0.625 0.4921875 0.6640625
0 0.203125 0.20703125 0.2421875 0.16796875 0.203125 0.16796875 0.2421875 0.20703125
0 0.71484375 0.642578125 0.75390625 0.603515625 0.71484375 0.603515625 0.75390625 0.642578125
0 0.384765625 0.27734375 0.423828125 0.23828125 0.384765625 0.23828125 0.423828125 0.27734375
0 0.513671875 0.751953125 0.552734375 0.712890625 0.513671875 0.712890625 0.552734375 0.751953125
0 0.625 0.37890625 0.6640625 0.33984375 0.625 0.33984375 0.6640625 0.37890625
0 0.65625 0.552734375 0.6953125 0.513671875 0.65625 0.513671875 0.6953125 0.552734375
0 0.328125 0.306640625 0.3671875 0.267578125 0.328125 0.267578125 0.3671875 0.306640625
