0 0.626953125 0.67578125 0.666015625 0.63671875 0.626953125 0.63671875 0.666015625 0.67578125
0 0.728515625 0.7265625 0.767578125 0.6875 0.728515625 0.6875 0.767578125 0.7265625
0 0.330078125 0.40625 0.369140625 0.3671875 0.330078125 0.3671875 0.369140625 0.40625
0 0.900390625 0.458984375 0.939453125 0.419921875 0.900390625 0.419921875 0.939453125 0.458984375
0 0.58984375 0.9609375 0.62890625 0.921875 0.58984375 0.921875 0.62890625 0.9609375
0 0.880859375 0.1796875 0.919921875 0.140625 0.880859375 0.140625 0.919921875 0.1796875
0 0.84375 0.451171875 0.8828125 0.412109375 0.84375 0.412109375 0.8828125 0.451171875
0 0.8203125 0.38671875 0.859375 0.34765625 0.8203125 0.34765625 0.859375 0.38671875
0 0.22265625 0.28515625 0.26171875 0.24609375 0.22265625 0.24609375 0.26171875 0.28515625
0 0.4296875 0.458984375 0.46875 0.419921875 0.4296875 0.419921875 0.46875 0.458984375
0 0.55078125 0.15625 0.58984375 0.1171875 0.55078125 0.1171875 0.58984375 0.15625
0 0.10546875 0.404296875 0.14453125 0.365234375 0.10546875 0.365234375 0.14453125 0.404296875
