0 0.916015625 0.337890625 0.955078125 0.298828125 0.916015625 0.298828125 0.955078125 0.337890625
0 0.498046875 0.9609375 0.537109375 0.921875 0.498046875 0.921875 0.537109375 0.9609375
0 0.7265625 0.314453125 0.765625 0.275390625 0.7265625 0.275390625 0.765625 0.314453125
0 0.51953125 0.091796875 0.55859375 0.052734375 0.51953125 0.052734375 0.55859375 0.091796875
0 0.875 0.29296875 0.9140625 0.25390625 0.875 0.25390625 0.9140625 0.29296875
0 0.447265625 0.72265625 0.486328125 0.68359375 0.447265625 0.68359375 0.486328125 0.72265625
0 0.212890625 0.642578125 0.251953125 0.603515625 0.212890625 0.603515625 0.251953125 0.642578125
0 0.330078125 0.212890625 0.369140625 0.173828125 0.330078125 0.173828125 0.369140625 0.212890625
0 0.60546875 0.8359375 0.64453125 0.796875 0.60546875 0.796875 0.64453125 0.8359375
0 0.603515625 0.70703125 0.642578125 0.66796875 0.603515625 0.66796875 0.642578125 0.70703125
