0 0.521484375 0.45703125 0.560546875 0.41796875 0.521484375 0.41796875 0.560546875 0.45703125
0 0.837890625 0.146484375 0.876953125 0.107421875 0.837890625 0.107421875 0.876953125 0.146484375
0 0.169921875 0.318359375 0.208984375 0.279296875 0.169921875 0.279296875 0.208984375 0.318359375
0 0.68359375 0.107421875 0.72265625 0.068359375 0.68359375 0.068359375 0.72265625 0.107421875
0 0.32421875 0.947265625 0.36328125 0.908203125 0.32421875 0.908203125 0.36328125 0.947265625
0 0.330078125 0.6328125 0.369140625 0.59375 0.330078125 0.59375 0.369140625 0.6328125
0 0.0546875 0.12109375 0.09375 0.08203125 0.0546875 0.08203125 0.09375 0.12109375
0 0.337890625 0.248046875 0.376953125 0.208984375 0.337890625 0.208984375 0.376953125 0.248046875
0 0.771484375 0.24609375 0.810546875 0.20703125 0.771484375 0.20703125 0.810546875 0.24609375
0 0.513671875 0.380859375 0.552734375 0.341796875 0.513671875 0.341796875 0.552734375 0.380859375
0 0.685546875 0.765625 0.724609375 0.7265625 0.685546875 0.7265625 0.724609375 0.765625
0 0.388671875 0.189453125 0.427734375 0.150390625 0.388671875 0.150390625 0.427734375 0.189453125
