0 0.48046875 0.94140625 0.51953125 0.90234375 0.48046875 0.90234375 0.51953125 0.94140625
0 0.154296875 0.56640625 0.193359375 0.52734375 0.154296875 0.52734375 0.193359375 0.56640625
0 0.1640625 0.353515625 0.203125 0.314453125 0.1640625 0.314453125 0.203125 0.353515625
0 0.12890625 0.16015625 0.16796875 0.12109375 0.12890625 0.12109375 0.16796875 0.16015625
0 0.7734375 0.5078125 0.8125 0.46875 0.7734375 0.46875 0.8125 0.5078125
0 0.572265625 0.451171875 0.611328125 0.412109375 0.572265625 0.412109375 0.611328125 0.451171875
0 0.248046875 0.2265625 0.287109375 0.1875 0.248046875 0.1875 0.287109375 0.2265625
0 0.853515625 0.892578125 0.892578125 0.853515625 0.853515625 0.853515625 0.892578125 0.892578125
0 0.55859375 0.111328125 0.59765625 0.072265625 0.55859375 0.072265625 0.59765625 0.111328125
0 0.689453125 0.29296875 0.728515625 0.25390625 0.689453125 0.25390625 0.728515625 0.29296875
0 0.37890625 0.205078125 0.41796875 0.166015625 0.37890625 0.166015625 0.41796875 0.205078125
0 0.9140625 0.87109375 0.953125 0.83203125 0.9140625 0.83203125 0.953125 0.87109375
0 0.48046875 0.591796875 0.51953125 0.552734375 0.48046875 0.552734375 0.51953125 0.591796875
0 0.576171875 0.298828125 0.615234375 0.259765625 0.576171875 0.259765625 0.615234375 0.298828125
