0 0.1171875 0.806640625 0.15625 0.767578125 0.1171875 0.767578125 0.15625 0.806640625
0 0.234375 0.40625 0.2734375 0.3671875 0.234375 0.3671875 0.2734375 0.40625
0 0.328125 0.119140625 0.3671875 0.080078125 0.328125 0.080078125 0.3671875 0.119140625
0 0.22265625 0.671875 0.26171875 0.6328125 0.22265625 0.6328125 0.26171875 0.671875
0 0.1875 0.3359375 0.2265625 0.296875 0.1875 0.296875 0.2265625 0.3359375
0 0.423828125 0.595703125 0.462890625 0.556640625 0.423828125 0.556640625 0.462890625 0.595703125
0 0.322265625 0.505859375 0.361328125 0.466796875 0.322265625 0.466796875 0.361328125 0.505859375
0 0.29296875 0.474609375 0.33203125 0.435546875 0.29296875 0.435546875 0.33203125 0.474609375
0 0.681640625 0.48828125 0.720703125 0.44921875 0.681640625 0.44921875 0.720703125 0.48828125
0 0.310546875 0.40234375 0.349609375 0.36328125 0.310546875 0.36328125 0.349609375 0.40234375
0 0.1875 0.75 0.2265625 0.7109375 0.1875 0.7109375 0.2265625 0.75
