0 0.412109375 0.125 0.451171875 0.0859375 0.412109375 0.0859375 0.451171875 0.125
0 0.3046875 0.7265625 0.34375 0.6875 0.3046875 0.6875 0.34375 0.7265625
0 0.123046875 0.603515625 0.162109375 0.564453125 0.123046875 0.564453125 0.162109375 0.603515625
0 0.296875 0.109375 0.3359375 0.0703125 0.296875 0.0703125 0.3359375 0.109375
0 0.041015625 0.353515625 0.080078125 0.314453125 0.041015625 0.314453125 0.080078125 0.353515625
0 0.400390625 0.47265625 0.439453125 0.43359375 0.400390625 0.43359375 0.439453125 0.47265625
0 0.71484375 0.767578125 0.75390625 0.728515625 0.71484375 0.728515625 0.75390625 0.767578125
0 0.099609375 0.40234375 0.138671875 0.36328125 0.099609375 0.36328125 0.138671875 0.40234375
0 0.619140625 0.578125 0.658203125 0.5390625 0.619140625 0.5390625 0.658203125 0.578125
0 0.28515625 0.30859375 0.32421875 0.26953125 0.28515625 0.26953125 0.32421875 0.30859375
