0 0.771484375 0.73828125 0.810546875 0.69921875 0.771484375 0.69921875 0.810546875 0.73828125
0 0.42578125 0.955078125 0.46484375 0.916015625 0.42578125 0.916015625 0.46484375 0.955078125
0 0.375 0.857421875 0.4140625 0.818359375 0.375 0.818359375 0.4140625 0.857421875
0 0.4296875 0.087890625 0.46875 0.048828125 0.4296875 0.048828125 0.46875 0.087890625
0 0.1328125 0.45703125 0.171875 0.41796875 0.1328125 0.41796875 0.171875 0.45703125
0 0.65234375 0.791015625 0.69140625 0.751953125 0.65234375 0.751953125 0.69140625 0.791015625
0 0.505859375 0.6796875 0.544921875 0.640625 0.505859375 0.640625 0.544921875 0.6796875
0 0.267578125 0.689453125 0.306640625 0.650390625 0.267578125 0.650390625 0.306640625 0.689453125
0 0.6796875 0.365234375 0.71875 0.326171875 0.6796875 0.326171875 0.71875 0.365234375
0 0.154296875 0.443359375 0.193359375 0.404296875 0.154296875 0.404296875 0.193359375 0.443359375
0 0.888671875 0.388671875 0.927734375 0.349609375 0.888671875 0.349609375 0.927734375 0.388671875
0 0.138671875 0.47265625 0.177734375 0.43359375 0.138671875 0.43359375 0.177734375 0.47265625
0 0.484375 0.96875 0.5234375 0.9296875 0.484375 0.9296875 0.5234375 0.96875
0 0.43359375 0.533203125 0.47265625 0.494140625 0.43359375 0.494140625 0.47265625 0.533203125
