0 0.154296875 0.712890625 0.193359375 0.673828125 0.154296875 0.673828125 0.193359375 0.712890625
0 0.62890625 0.609375 0.66796875 0.5703125 0.62890625 0.5703125 0.66796875 0.609375
0 0.90234375 0.146484375 0.94140625 0.107421875 0.90234375 0.107421875 0.94140625 0.146484375
0 0.111328125 0.107421875 0.150390625 0.068359375 0.111328125 0.068359375 0.150390625 0.107421875
0 0.6328125 0.423828125 0.671875 0.384765625 0.6328125 0.384765625 0.671875 0.423828125
0 0.265625 0.1171875 0.3046875 0.078125 0.265625 0.078125 0.3046875 0.1171875
0 0.1015625 0.92578125 0.140625 0.88671875 0.1015625 0.88671875 0.140625 0.92578125
0 0.822265625 0.306640625 0.861328125 0.267578125 0.822265625 0.267578125 0.861328125 0.306640625
0 0.896484375 0.966796875 0.935546875 0.927734375 0.896484375 0.927734375 0.935546875 0.966796875
0 0.853515625 0.611328125 0.892578125 0.572265625 0.853515625 0.572265625 0.892578125 0.611328125
0 0.33203125 0.546875 0.37109375 0.5078125 0.33203125 0.5078125 0.37109375 0.546875
0 0.216796875 0.18359375 0.255859375 0.14453125 0.216796875 0.14453125 0.255859375 0.18359375
0 0.552734375 0.216796875 0.591796875 0.177734375 0.552734375 0.177734375 0.591796875 0.216796875
