0 0.33984375 0.810546875 0.37890625 0.771484375 0.33984375 0.771484375 0.37890625 0.810546875
0 0.4921875 0.80078125 0.53125 0.76171875 0.4921875 0.76171875 0.53125 0.80078125
0 0.861328125 0.166015625 0.900390625 0.126953125 0.861328125 0.126953125 0.900390625 0.166015625
0 0.490234375 0.23828125 0.529296875 0.19921875 0.490234375 0.19921875 0.529296875 0.23828125
0 0.271484375 0.783203125 0.310546875 0.744140625 0.271484375 0.744140625 0.310546875 0.783203125
0 0.287109375 0.103515625 0.326171875 0.064453125 0.287109375 0.064453125 0.326171875 0.103515625
0 0.447265625 0.88671875 0.486328125 0.84765625 0.447265625 0.84765625 0.486328125 0.88671875
0 0.7421875 0.830078125 0.78125 0.791015625 0.7421875 0.791015625 0.78125 0.830078125
0 0.748046875 0.392578125 0.787109375 0.353515625 0.748046875 0.353515625 0.787109375 0.392578125
0 0.158203125 0.603515625 0.197265625 0.564453125 0.158203125 0.564453125 0.197265625 0.603515625
