0 0.791015625 0.962890625 0.830078125 0.923828125 0.791015625 0.923828125 0.830078125 0.962890625
0 0.556640625 0.484375 0.595703125 0.4453125 0.556640625 0.4453125 0.595703125 0.484375
0 0.126953125 0.9453125 0.166015625 0.90625 0.126953125 0.90625 0.166015625 0.9453125
0 0.89453125 0.30859375 0.93359375 0.26953125 0.89453125 0.26953125 0.93359375 0.30859375
0 0.17578125 0.53125 0.21484375 0.4921875 0.17578125 0.4921875 0.21484375 0.53125
0 0.072265625 0.142578125 0.111328125 0.103515625 0.072265625 0.103515625 0.111328125 0.142578125
0 0.166015625 0.58203125 0.205078125 0.54296875 0.166015625 0.54296875 0.205078125 0.58203125
0 0.591796875 0.509765625 0.630859375 0.470703125 0.591796875 0.470703125 0.630859375 0.509765625
0 0.845703125 0.783203125 0.884765625 0.744140625 0.845703125 0.744140625 0.884765625 0.783203125
0 0.63671875 0.841796875 0.67578125 0.802734375 0.63671875 0.802734375 0.67578125 0.841796875
0 0.818359375 0.51953125 0.857421875 0.48046875 0.818359375 0.48046875 0.857421875 0.51953125
