0 0.759765625 0.400390625 0.798828125 0.361328125 0.759765625 0.361328125 0.798828125 0.400390625
0 0.19921875 0.560546875 0.23828125 0.521484375 0.19921875 0.521484375 0.23828125 0.560546875
0 0.353515625 0.89453125 0.392578125 0.85546875 0.353515625 0.85546875 0.392578125 0.89453125
0 0.541015625 0.736328125 0.580078125 0.697265625 0.541015625 0.697265625 0.580078125 0.736328125
0 0.23046875 0.677734375 0.26953125 0.638671875 0.23046875 0.638671875 0.26953125 0.677734375
0 0.509765625 0.58984375 0.548828125 0.55078125 0.509765625 0.55078125 0.548828125 0.58984375
0 0.298828125 0.5859375 0.337890625 0.546875 0.298828125 0.546875 0.337890625 0.5859375
0 0.7578125 0.19921875 0.796875 0.16015625 0.7578125 0.16015625 0.796875 0.19921875
0 0.7265625 0.107421875 0.765625 0.068359375 0.7265625 0.068359375 0.765625 0.107421875
0 0.767578125 0.130859375 0.806640625 0.091796875 0.767578125 0.091796875 0.806640625 0.130859375
0 0.291015625 0.21484375 0.330078125 0.17578125 0.291015625 0.17578125 0.330078125 0.21484375
0 0.755859375 0.8828125 0.794921875 0.84375 0.755859375 0.84375 0.794921875 0.8828125
0 0.591796875 0.783203125 0.630859375 0.744140625 0.591796875 0.744140625 0.630859375 0.783203125
0 0.91796875 0.779296875 0.95703125 0.740234375 0.91796875 0.740234375 0.95703125 0.779296875
