0 0.341796875 0.9609375 0.380859375 0.921875 0.341796875 0.921875 0.380859375 0.9609375
0 0.91796875 0.578125 0.95703125 0.5390625 0.91796875 0.5390625 0.95703125 0.578125
0 0.2890625 0.35546875 0.328125 0.31640625 0.2890625 0.31640625 0.328125 0.35546875
0 0.62109375 0.125 0.66015625 0.0859375 0.62109375 0.0859375 0.66015625 0.125
0 0.515625 0.818359375 0.5546875 0.779296875 0.515625 0.779296875 0.5546875 0.818359375
0 0.458984375 0.140625 0.498046875 0.1015625 0.458984375 0.1015625 0.498046875 0.140625
0 0.169921875 0.6640625 0.208984375 0.625 0.169921875 0.625 0.208984375 0.6640625
0 0.09765625 0.166015625 0.13671875 0.126953125 0.09765625 0.126953125 0.13671875 0.166015625
0 0.111328125 0.3984375 0.150390625 0.359375 0.111328125 0.359375 0.150390625 0.3984375
0 0.201171875 0.9453125 0.240234375 0.90625 0.201171875 0.90625 0.240234375 0.9453125
0 0.73046875 0.759765625 0.76953125 0.720703125 0.73046875 0.720703125 0.76953125 0.759765625
0 0.1171875 0.76171875 0.15625 0.72265625 0.1171875 0.72265625 0.15625 0.76171875
0 0.650390625 0.873046875 0.689453125 0.833984375 0.650390625 0.833984375 0.689453125 0.873046875
0 0.2265625 0.208984375 0.265625 0.169921875 0.2265625 0.169921875 0.265625 0.208984375
