0 0.13671875 0.79296875 0.17578125 0.75390625 0.13671875 0.75390625 0.17578125 0.79296875
0 0.212890625 0.185546875 0.251953125 0.146484375 0.212890625 0.146484375 0.251953125 0.185546875
0 0.0625 0.615234375 0.1015625 0.576171875 0.0625 0.576171875 0.1015625 0.615234375
0 0.259765625 0.37890625 0.298828125 0.33984375 0.259765625 0.33984375 0.298828125 0.37890625
0 0.3671875 0.31640625 0.40625 0.27734375 0.3671875 0.27734375 0.40625 0.31640625
0 0.158203125 0.126953125 0.197265625 0.087890625 0.158203125 0.087890625 0.197265625 0.126953125
0 0.7421875 0.685546875 0.78125 0.646484375 0.7421875 0.646484375 0.78125 0.685546875
0 0.439453125 0.828125 0.478515625 0.7890625 0.439453125 0.7890625 0.478515625 0.828125
0 0.294921875 0.1640625 0.333984375 0.125 0.294921875 0.125 0.333984375 0.1640625
0 0.46484375 0.85546875 0.50390625 0.81640625 0.46484375 0.81640625 0.50390625 0.85546875
0 0.37890625 0.306640625 0.41796875 0.267578125 0.37890625 0.267578125 0.41796875 0.306640625
