0 0.728515625 0.857421875 0.767578125 0.818359375 0.728515625 0.818359375 0.767578125 0.857421875
0 0.2421875 0.572265625 0.28125 0.533203125 0.2421875 0.533203125 0.28125 0.572265625
0 0.22265625 0.240234375 0.26171875 0.201171875 0.22265625 0.201171875 0.26171875 0.240234375
0 0.265625 0.51953125 0.3046875 0.48046875 0.265625 0.48046875 0.3046875 0.51953125
0 0.068359375 0.697265625 0.107421875 0.658203125 0.068359375 0.658203125 0.107421875 0.697265625
0 0.359375 0.2109375 0.3984375 0.171875 0.359375 0.171875 0.3984375 0.2109375
0 0.7578125 0.697265625 0.796875 0.658203125 0.7578125 0.658203125 0.796875 0.697265625
0 0.921875 0.34765625 0.9609375 0.30859375 0.921875 0.30859375 0.9609375 0.34765625
0 0.138671875 0.892578125 0.177734375 0.853515625 0.138671875 0.853515625 0.177734375 0.892578125
0 0.677734375 0.3046875 0.716796875 0.265625 0.677734375 0.265625 0.716796875 0.3046875
0 0.05078125 0.708984375 0.08984375 0.669921875 0.05078125 0.669921875 0.08984375 0.708984375
0 0.171875 0.634765625 0.2109375 0.595703125 0.171875 0.595703125 0.2109375 0.634765625
0 0.71484375 0.734375 0.75390625 0.6953125 0.71484375 0.6953125 0.75390625 0.734375
0 0.548828125 0.109375 0.587890625 0.0703125 0.548828125 0.0703125 0.587890625 0.109375
