0 0.509765625 0.46875 0.548828125 0.4296875 0.509765625 0.4296875 0.548828125 0.46875
0 0.2578125 0.529296875 0.296875 0.490234375 0.2578125 0.490234375 0.296875 0.529296875
0 0.466796875 0.673828125 0.505859375 0.634765625 0.466796875 0.634765625 0.505859375 0.673828125
0 0.296875 0.814453125 0.3359375 0.775390625 0.296875 0.775390625 0.3359375 0.814453125
0 0.47265625 0.48046875 0.51171875 0.44140625 0.47265625 0.44140625 0.51171875 0.48046875
0 0.34375 0.6875 0.3828125 0.6484375 0.34375 0.6484375 0.3828125 0.6875
0 0.59765625 0.3828125 0.63671875 0.34375 0.59765625 0.34375 0.63671875 0.3828125
0 0.552734375 0.322265625 0.591796875 0.283203125 0.552734375 0.283203125 0.591796875 0.322265625
0 0.537109375 0.650390625 0.576171875 0.611328125 0.537109375 0.611328125 0.576171875 0.650390625
0 0.16796875 0.234375 0.20703125 0.1953125 0.16796875 0.1953125 0.20703125 0.234375
