0 0.34375 0.703125 0.3828125 0.6640625 0.34375 0.6640625 0.3828125 0.703125
0 0.9140625 0.693359375 0.953125 0.654296875 0.9140625 0.654296875 0.953125 0.693359375
0 0.84375 0.755859375 0.8828125 0.716796875 0.84375 0.716796875 0.8828125 0.755859375
0 0.73046875 0.890625 0.76953125 0.8515625 0.73046875 0.8515625 0.76953125 0.890625
0 0.240234375 0.41015625 0.279296875 0.37109375 0.240234375 0.37109375 0.279296875 0.41015625
0 0.279296875 0.3828125 0.318359375 0.34375 0.279296875 0.34375 0.318359375 0.3828125
0 0.2421875 0.373046875 0.28125 0.333984375 0.2421875 0.333984375 0.28125 0.373046875
0 0.369140625 0.125 0.408203125 0.0859375 0.369140625 0.0859375 0.408203125 0.125
0 0.873046875 0.822265625 0.912109375 0.783203125 0.873046875 0.783203125 0.912109375 0.822265625
0 0.05078125 0.7421875 0.08984375 0.703125 0.05078125 0.703125 0.08984375 0.7421875
0 0.771484375 0.841796875 0.810546875 0.802734375 0.771484375 0.802734375 0.810546875 0.841796875
0 0.232421875 0.771484375 0.271484375 0.732421875 0.232421875 0.732421875 0.271484375 0.771484375
0 0.5078125 0.49609375 0.546875 0.45703125 0.5078125 0.45703125 0.546875 0.49609375
0 0.5078125 0.30859375 0.546875 0.26953125 0.5078125 0.26953125 0.546875 0.30859375
