0 0.583984375 0.912109375 0.623046875 0.873046875 0.583984375 0.873046875 0.623046875 0.912109375
0 0.26953125 0.837890625 0.30859375 0.798828125 0.26953125 0.798828125 0.30859375 0.837890625
0 0.85546875 0.587890625 0.89453125 0.548828125 0.85546875 0.548828125 0.89453125 0.587890625
0 0.44140625 0.603515625 0.48046875 0.564453125 0.44140625 0.564453125 0.48046875 0.603515625
0 0.041015625 0.125 0.080078125 0.0859375 0.041015625 0.0859375 0.080078125 0.125
0 0.763671875 0.6015625 0.802734375 0.5625 0.763671875 0.5625 0.802734375 0.6015625
0 0.84765625 0.24609375 0.88671875 0.20703125 0.84765625 0.20703125 0.88671875 0.24609375
0 0.638671875 0.212890625 0.677734375 0.173828125 0.638671875 0.173828125 0.677734375 0.212890625
0 0.25390625 0.2578125 0.29296875 0.21875 0.25390625 0.21875 0.29296875 0.2578125
0 0.2578125 0.921875 0.296875 0.8828125 0.2578125 0.8828125 0.296875 0.921875
0 0.279296875 0.142578125 0.318359375 0.103515625 0.279296875 0.103515625 0.318359375 0.142578125
0 0.6328125 0.62109375 0.671875 0.58203125 0.6328125 0.58203125 0.671875 0.62109375
