0 0.80859375 0.3359375 0.84765625 0.296875 0.80859375 0.296875 0.84765625 0.3359375
0 0.6875 0.076171875 0.7265625 0.037109375 0.6875 0.037109375 0.7265625 0.076171875
0 0.7734375 0.37109375 0.8125 0.33203125 0.7734375 0.33203125 0.8125 0.37109375
0 0.61328125 0.640625 0.65234375 0.6015625 0.61328125 0.6015625 0.65234375 0.640625
0 0.326171875 0.5703125 0.365234375 0.53125 0.326171875 0.53125 0.365234375 0.5703125
0 0.111328125 0.19140625 0.150390625 0.15234375 0.111328125 0.15234375 0.150390625 0.19140625
0 0.470703125 0.458984375 0.509765625 0.419921875 0.470703125 0.419921875 0.509765625 0.458984375
0 0.892578125 0.349609375 0.931640625 0.310546875 0.892578125 0.310546875 0.931640625 0.349609375
0 0.62890625 0.728515625 0.66796875 0.689453125 0.62890625 0.689453125 0.66796875 0.728515625
0 0.248046875 0.22265625 0.287109375 0.18359375 0.248046875 0.18359375 0.287109375 0.22265625
0 0.8046875 0.796875 0.84375 0.7578125 0.8046875 0.7578125 0.84375 0.796875
