0 0.3203125 0.87890625 0.359375 0.83984375 0.3203125 0.83984375 0.359375 0.87890625
0 0.20703125 0.380859375 0.24609375 0.341796875 0.20703125 0.341796875 0.24609375 0.380859375
0 0.2421875 0.400390625 0.28125 0.361328125 0.2421875 0.361328125 0.28125 0.400390625
0 0.0546875 0.578125 0.09375 0.5390625 0.0546875 0.5390625 0.09375 0.578125
0 0.404296875 0.314453125 0.443359375 0.275390625 0.404296875 0.275390625 0.443359375 0.314453125
0 0.33203125 0.458984375 0.37109375 0.419921875 0.33203125 0.419921875 0.37109375 0.458984375
0 0.529296875 0.583984375 0.568359375 0.544921875 0.529296875 0.544921875 0.568359375 0.583984375
0 0.55078125 0.3828125 0.58984375 0.34375 0.55078125 0.34375 0.58984375 0.3828125
0 0.3046875 0.8359375 0.34375 0.796875 0.3046875 0.796875 0.34375 0.8359375
0 0.927734375 0.669921875 0.966796875 0.630859375 0.927734375 0.630859375 0.966796875 0.669921875
0 0.11328125 0.625 0.15234375 0.5859375 0.11328125 0.5859375 0.15234375 0.625
0 0.279296875 0.224609375 0.318359375 0.185546875 0.279296875 0.185546875 0.318359375 0.224609375
0 0.814453125 0.71875 0.853515625 0.6796875 0.814453125 0.6796875 0.853515625 0.71875
