0 0.234375 0.51953125 0.2734375 0.48046875 0.234375 0.48046875 0.2734375 0.51953125
0 0.751953125 0.12890625 0.791015625 0.08984375 0.751953125 0.08984375 0.791015625 0.12890625
0 0.83984375 0.421875 0.87890625 0.3828125 0.83984375 0.3828125 0.87890625 0.421875
0 0.79296875 0.349609375 0.83203125 0.310546875 0.79296875 0.310546875 0.83203125 0.349609375
0 0.67578125 0.32421875 0.71484375 0.28515625 0.67578125 0.28515625 0.71484375 0.32421875
0 0.603515625 0.83203125 0.642578125 0.79296875 0.603515625 0.79296875 0.642578125 0.83203125
0 0.859375 0.666015625 0.8984375 0.626953125 0.859375 0.626953125 0.8984375 0.666015625
0 0.1171875 0.228515625 0.15625 0.189453125 0.1171875 0.189453125 0.15625 0.228515625
0 0.18359375 0.380859375 0.22265625 0.341796875 0.18359375 0.341796875 0.22265625 0.380859375
0 0.716796875 0.755859375 0.755859375 0.716796875 0.716796875 0.716796875 0.755859375 0.755859375
0 0.306640625 0.1328125 0.345703125 0.09375 0.306640625 0.09375 0.345703125 0.1328125
