0 0.875 0.197265625 0.9140625 0.158203125 0.875 0.158203125 0.9140625 0.197265625
0 0.041015625 0.57421875 0.080078125 0.53515625 0.041015625 0.53515625 0.080078125 0.57421875
0 0.521484375 0.158203125 0.560546875 0.119140625 0.521484375 0.119140625 0.560546875 0.158203125
0 0.732421875 0.9453125 0.771484375 0.90625 0.732421875 0.90625 0.771484375 0.9453125
0 0.19140625 0.390625 0.23046875 0.3515625 0.19140625 0.3515625 0.23046875 0.390625
0 0.080078125 0.1796875 0.119140625 0.140625 0.080078125 0.140625 0.119140625 0.1796875
0 0.50390625 0.47265625 0.54296875 0.43359375 0.50390625 0.43359375 0.54296875 0.47265625
0 0.529296875 0.658203125 0.568359375 0.619140625 0.529296875 0.619140625 0.568359375 0.658203125
0 0.07421875 0.81640625 0.11328125 0.77734375 0.07421875 0.77734375 0.11328125 0.81640625
0 0.52734375 0.185546875 0.56640625 0.146484375 0.52734375 0.146484375 0.56640625 0.185546875
0 0.732421875 0.884765625 0.771484375 0.845703125 0.732421875 0.845703125 0.771484375 0.884765625
0 0.154296875 0.626953125 0.193359375 0.587890625 0.154296875 0.587890625 0.193359375 0.626953125
0 0.1953125 0.294921875 0.234375 0.255859375 0.1953125 0.255859375 0.234375 0.294921875
0 0.673828125 0.59375 0.712890625 0.5546875 0.673828125 0.5546875 0.712890625 0.59375
