0 0.802734375 0.140625 0.841796875 0.1015625 0.802734375 0.1015625 0.841796875 0.140625
0 0.185546875 0.830078125 0.224609375 0.791015625 0.185546875 0.791015625 0.224609375 0.830078125
0 0.896484375 0.265625 0.935546875 0.2265625 0.896484375 0.2265625 0.935546875 0.265625
0 0.900390625 0.361328125 0.939453125 0.322265625 0.900390625 0.322265625 0.939453125 0.361328125
0 0.140625 0.623046875 0.1796875 0.583984375 0.140625 0.583984375 0.1796875 0.623046875
0 0.09375 0.94921875 0.1328125 0.91015625 0.09375 0.91015625 0.1328125 0.94921875
0 0.646484375 0.638671875 0.685546875 0.599609375 0.646484375 0.599609375 0.685546875 0.638671875
0 0.478515625 0.400390625 0.517578125 0.361328125 0.478515625 0.361328125 0.517578125 0.400390625
0 0.09765625 0.88671875 0.13671875 0.84765625 0.09765625 0.84765625 0.13671875 0.88671875
0 0.63671875 0.787109375 0.67578125 0.748046875 0.63671875 0.748046875 0.67578125 0.787109375
0 0.5390625 0.703125 0.578125 0.6640625 0.5390625 0.6640625 0.578125 0.703125
0 0.623046875 0.306640625 0.662109375 0.267578125 0.623046875 0.267578125 0.662109375 0.306640625
0 0.80859375 0.580078125 0.84765625 0.541015625 0.80859375 0.541015625 0.84765625 0.580078125
0 0.66015625 0.892578125 0.69921875 0.853515625 0.66015625 0.853515625 0.69921875 0.892578125
