0 0.18359375 0.21484375 0.22265625 0.17578125 0.18359375 0.17578125 0.22265625 0.21484375
0 0.248046875 0.9609375 0.287109375 0.921875 0.248046875 0.921875 0.287109375 0.9609375
0 0.75390625 0.94921875 0.79296875 0.91015625 0.75390625 0.91015625 0.79296875 0.94921875
0 0.515625 0.845703125 0.5546875 0.806640625 0.515625 0.806640625 0.5546875 0.845703125
0 0.919921875 0.171875 0.958984375 0.1328125 0.919921875 0.1328125 0.958984375 0.171875
0 0.630859375 0.626953125 0.669921875 0.587890625 0.630859375 0.587890625 0.669921875 0.626953125
0 0.787109375 0.375 0.826171875 0.3359375 0.787109375 0.3359375 0.826171875 0.375
0 0.041015625 0.40234375 0.080078125 0.36328125 0.041015625 0.36328125 0.080078125 0.40234375
0 0.224609375 0.5390625 0.263671875 0.5 0.224609375 0.5 0.263671875 0.5390625
0 0.90625 0.59375 0.9453125 0.5546875 0.90625 0.5546875 0.9453125 0.59375
0 0.25390625 0.3203125 0.29296875 0.28125 0.25390625 0.28125 0.29296875 0.3203125
