0 0.443359375 0.53125 0.482421875 0.4921875 0.443359375 0.4921875 0.482421875 0.53125
0 0.84765625 0.2578125 0.88671875 0.21875 0.84765625 0.21875 0.88671875 0.2578125
0 0.041015625 0.1484375 0.080078125 0.109375 0.041015625 0.109375 0.080078125 0.1484375
0 0.8671875 0.671875 0.90625 0.6328125 0.8671875 0.6328125 0.90625 0.671875
0 0.61328125 0.4296875 0.65234375 0.390625 0.61328125 0.390625 0.65234375 0.4296875
0 0.8828125 0.830078125 0.921875 0.791015625 0.8828125 0.791015625 0.921875 0.830078125
0 0.236328125 0.203125 0.275390625 0.1640625 0.236328125 0.1640625 0.275390625 0.203125
0 0.341796875 0.16015625 0.380859375 0.12109375 0.341796875 0.12109375 0.380859375 0.16015625
0 0.14453125 0.669921875 0.18359375 0.630859375 0.14453125 0.630859375 0.18359375 0.669921875
0 0.560546875 0.310546875 0.599609375 0.271484375 0.560546875 0.271484375 0.599609375 0.310546875
