0 0.703125 0.44921875 0.7421875 0.41015625 0.703125 0.41015625 0.7421875 0.44921875
0 0.90625 0.3671875 0.9453125 0.328125 0.90625 0.328125 0.9453125 0.3671875
0 0.52734375 0.94921875 0.56640625 0.91015625 0.52734375 0.91015625 0.56640625 0.94921875
0 0.732421875 0.650390625 0.771484375 0.611328125 0.732421875 0.611328125 0.771484375 0.650390625
0 0.67578125 0.521484375 0.71484375 0.482421875 0.67578125 0.482421875 0.71484375 0.521484375
0 0.080078125 0.451171875 0.119140625 0.412109375 0.080078125 0.412109375 0.119140625 0.451171875
0 0.869140625 0.55078125 0.908203125 0.51171875 0.869140625 0.51171875 0.908203125 0.55078125
0 0.275390625 0.2265625 0.314453125 0.1875 0.275390625 0.1875 0.314453125 0.2265625
0 0.50390625 0.64453125 0.54296875 0.60546875 0.50390625 0.60546875 0.54296875 0.64453125
0 0.828125 0.103515625 0.8671875 0.064453125 0.828125 0.064453125 0.8671875 0.103515625
0 0.19921875 0.80078125 0.23828125 0.76171875 0.19921875 0.76171875 0.23828125 0.80078125
0 0.107421875 0.654296875 0.146484375 0.615234375 0.107421875 0.615234375 0.146484375 0.654296875
