0 0.58984375 0.9453125 0.62890625 0.90625 0.58984375 0.90625 0.62890625 0.9453125
0 0.0390625 0.88671875 0.078125 0.84765625 0.0390625 0.84765625 0.078125 0.88671875
0 0.73046875 0.240234375 0.76953125 0.201171875 0.73046875 0.201171875 0.76953125 0.240234375
0 0.294921875 0.1640625 0.333984375 0.125 0.294921875 0.125 0.333984375 0.1640625
0 0.271484375 0.935546875 0.310546875 0.896484375 0.271484375 0.896484375 0.310546875 0.935546875
0 0.173828125 0.19921875 0.212890625 0.16015625 0.173828125 0.16015625 0.212890625 0.19921875
0 0.634765625 0.30859375 0.673828125 0.26953125 0.634765625 0.26953125 0.673828125 0.30859375
0 0.568359375 0.921875 0.607421875 0.8828125 0.568359375 0.8828125 0.607421875 0.921875
0 0.763671875 0.25 0.802734375 0.2109375 0.763671875 0.2109375 0.802734375 0.25
0 0.80859375 0.443359375 0.84765625 0.404296875 0.80859375 0.404296875 0.84765625 0.443359375
0 0.75390625 0.470703125 0.79296875 0.431640625 0.75390625 0.431640625 0.79296875 0.470703125
0 0.11328125 0.20703125 0.15234375 0.16796875 0.11328125 0.16796875 0.15234375 0.20703125
