0 0.3359375 0.619140625 0.375 0.580078125 0.3359375 0.580078125 0.375 0.619140625
0 0.78125 0.3203125 0.8203125 0.28125 0.78125 0.28125 0.8203125 0.3203125
0 0.5234375 0.5234375 0.5625 0.484375 0.5234375 0.484375 0.5625 0.5234375
0 0.50390625 0.095703125 0.54296875 0.056640625 0.50390625 0.056640625 0.54296875 0.095703125
0 0.185546875 0.44921875 0.224609375 0.41015625 0.185546875 0.41015625 0.224609375 0.44921875
0 0.451171875 0.82421875 0.490234375 0.78515625 0.451171875 0.78515625 0.490234375 0.82421875
0 0.662109375 0.296875 0.701171875 0.2578125 0.662109375 0.2578125 0.701171875 0.296875
0 0.40234375 0.708984375 0.44140625 0.669921875 0.40234375 0.669921875 0.44140625 0.708984375
0 0.16015625 0.15234375 0.19921875 0.11328125 0.16015625 0.11328125 0.19921875 0.15234375
0 0.787109375 0.888671875 0.826171875 0.849609375 0.787109375 0.849609375 0.826171875 0.888671875
0 0.34375 0.34765625 0.3828125 0.30859375 0.34375 0.30859375 0.3828125 0.34765625
0 0.712890625 0.072265625 0.751953125 0.033203125 0.712890625 0.033203125 0.751953125 0.072265625
0 0.36328125 0.921875 0.40234375 0.8828125 0.36328125 0.8828125 0.40234375 0.921875
0 0.7109375 0.955078125 0.75 0.916015625 0.7109375 0.916015625 0.75 0.955078125
