0 0.58203125 0.57421875 0.62109375 0.53515625 0.58203125 0.53515625 0.62109375 0.57421875
0 0.048828125 0.5859375 0.087890625 0.546875 0.048828125 0.546875 0.087890625 0.5859375
0 0.232421875 0.619140625 0.271484375 0.580078125 0.232421875 0.580078125 0.271484375 0.619140625
0 0.787109375 0.462890625 0.826171875 0.423828125 0.787109375 0.423828125 0.826171875 0.462890625
0 0.11328125 0.51953125 0.15234375 0.48046875 0.11328125 0.48046875 0.15234375 0.51953125
0 0.869140625 0.951171875 0.908203125 0.912109375 0.869140625 0.912109375 0.908203125 0.951171875
0 0.345703125 0.50390625 0.384765625 0.46484375 0.345703125 0.46484375 0.384765625 0.50390625
0 0.310546875 0.419921875 0.349609375 0.380859375 0.310546875 0.380859375 0.349609375 0.419921875
0 0.220703125 0.38671875 0.259765625 0.34765625 0.220703125 0.34765625 0.259765625 0.38671875
0 0.15234375 0.892578125 0.19140625 0.853515625 0.15234375 0.853515625 0.19140625 0.892578125
0 0.9296875 0.080078125 0.96875 0.041015625 0.9296875 0.041015625 0.96875 0.080078125
0 0.66796875 0.228515625 0.70703125 0.189453125 0.66796875 0.189453125 0.70703125 0.228515625
0 0.06640625 0.29296875 0.10546875 0.25390625 0.06640625 0.25390625 0.10546875 0.29296875
