0 0.47265625 0.650390625 0.51171875 0.611328125 0.47265625 0.611328125 0.51171875 0.650390625
0 0.076171875 0.5390625 0.115234375 0.5 0.076171875 0.5 0.115234375 0.5390625
0 0.748046875 0.255859375 0.787109375 0.216796875 0.748046875 0.216796875 0.787109375 0.255859375
0 0.724609375 0.19140625 0.763671875 0.15234375 0.724609375 0.15234375 0.763671875 0.19140625
0 0.37890625 0.408203125 0.41796875 0.369140625 0.37890625 0.369140625 0.41796875 0.408203125
0 0.72265625 0.75 0.76171875 0.7109375 0.72265625 0.7109375 0.76171875 0.75
0 0.58984375 0.939453125 0.62890625 0.900390625 0.58984375 0.900390625 0.62890625 0.939453125
0 0.232421875 0.357421875 0.271484375 0.318359375 0.232421875 0.318359375 0.271484375 0.357421875
0 0.345703125 0.40234375 0.384765625 0.36328125 0.345703125 0.36328125 0.384765625 0.40234375
0 0.365234375 0.21875 0.404296875 0.1796875 0.365234375 0.1796875 0.404296875 0.21875
0 0.50390625 0.89453125 0.54296875 0.85546875 0.50390625 0.85546875 0.54296875 0.89453125
0 0.080078125 0.10546875 0.119140625 0.06640625 0.080078125 0.06640625 0.119140625 0.10546875
0 0.4609375 0.177734375 0.5 0.138671875 0.4609375 0.138671875 0.5 0.177734375
