0 0.794921875 0.927734375 0.833984375 0.888671875 0.794921875 0.888671875 0.833984375 0.927734375
0 0.41015625 0.89453125 0.44921875 0.85546875 0.41015625 0.85546875 0.44921875 0.89453125
0 0.90625 0.513671875 0.9453125 0.474609375 0.90625 0.474609375 0.9453125 0.513671875
0 0.626953125 0.59765625 0.666015625 0.55859375 0.626953125 0.55859375 0.666015625 0.59765625
0 0.76171875 0.12890625 0.80078125 0.08984375 0.76171875 0.08984375 0.80078125 0.12890625
0 0.125 0.404296875 0.1640625 0.365234375 0.125 0.365234375 0.1640625 0.404296875
0 0.865234375 0.884765625 0.904296875 0.845703125 0.865234375 0.845703125 0.904296875 0.884765625
0 0.400390625 0.162109375 0.439453125 0.123046875 0.400390625 0.123046875 0.439453125 0.162109375
0 0.7109375 0.798828125 0.75 0.759765625 0.7109375 0.759765625 0.75 0.798828125
0 0.884765625 0.533203125 0.923828125 0.494140625 0.884765625 0.494140625 0.923828125 0.533203125
0 0.82421875 0.57421875 0.86328125 0.53515625 0.82421875 0.53515625 0.86328125 0.57421875
0 0.404296875 0.568359375 0.443359375 0.529296875 0.404296875 0.529296875 0.443359375 0.568359375
0 0.322265625 0.091796875 0.361328125 0.052734375 0.322265625 0.052734375 0.361328125 0.091796875
