0 0.525390625 0.833984375 0.564453125 0.794921875 0.525390625 0.794921875 0.564453125 0.833984375
0 0.0703125 0.50390625 0.109375 0.46484375 0.0703125 0.46484375 0.109375 0.50390625
0 0.3515625 0.845703125 0.390625 0.806640625 0.3515625 0.806640625 0.390625 0.845703125
0 0.607421875 0.73828125 0.646484375 0.69921875 0.607421875 0.69921875 0.646484375 0.73828125
0 0.57421875 0.859375 0.61328125 0.8203125 0.57421875 0.8203125 0.61328125 0.859375
0 0.359375 0.546875 0.3984375 0.5078125 0.359375 0.5078125 0.3984375 0.546875
0 0.755859375 0.580078125 0.794921875 0.541015625 0.755859375 0.541015625 0.794921875 0.580078125
0 0.41015625 0.76171875 0.44921875 0.72265625 0.41015625 0.72265625 0.44921875 0.76171875
0 0.171875 0.1484375 0.2109375 0.109375 0.171875 0.109375 0.2109375 0.1484375
0 0.5703125 0.77734375 0.609375 0.73828125 0.5703125 0.73828125 0.609375 0.77734375
0 0.416015625 0.484375 0.455078125 0.4453125 0.416015625 0.4453125 0.455078125 0.484375
0 0.53515625 0.15625 0.57421875 0.1171875 0.53515625 0.1171875 0.57421875 0.15625
0 0.22265625 0.41015625 0.26171875 0.37109375 0.22265625 0.37109375 0.26171875 0.41015625
0 0.169921875 0.548828125 0.208984375 0.509765625 0.169921875 0.509765625 0.208984375 0.548828125
