0 0.619140625 0.34375 0.658203125 0.3046875 0.619140625 0.3046875 0.658203125 0.34375
0 0.41796875 0.185546875 0.45703125 0.146484375 0.41796875 0.146484375 0.45703125 0.185546875
0 0.341796875 0.763671875 0.380859375 0.724609375 0.341796875 0.724609375 0.380859375 0.763671875
0 0.171875 0.646484375 0.2109375 0.607421875 0.171875 0.607421875 0.2109375 0.646484375
0 0.33203125 0.12109375 0.37109375 0.08203125 0.33203125 0.08203125 0.37109375 0.12109375
0 0.41796875 0.146484375 0.45703125 0.107421875 0.41796875 0.107421875 0.45703125 0.146484375
0 0.87890625 0.666015625 0.91796875 0.626953125 0.87890625 0.626953125 0.91796875 0.666015625
0 0.7421875 0.765625 0.78125 0.7265625 0.7421875 0.7265625 0.78125 0.765625
0 0.90625 0.185546875 0.9453125 0.146484375 0.90625 0.146484375 0.9453125 0.185546875
0 0.75390625 0.19921875 0.79296875 0.16015625 0.75390625 0.16015625 0.79296875 0.19921875
0 0.42578125 0.5859375 0.46484375 0.546875 0.42578125 0.546875 0.46484375 0.5859375
0 0.3515625 0.689453125 0.390625 0.650390625 0.3515625 0.650390625 0.390625 0.689453125
