0 0.3046875 0.30859375 0.34375 0.26953125 0.3046875 0.26953125 0.34375 0.30859375
0 0.638671875 0.630859375 0.677734375 0.591796875 0.638671875 0.591796875 0.677734375 0.630859375
0 0.8984375 0.55859375 0.9375 0.51953125 0.8984375 0.51953125 0.9375 0.55859375
0 0.115234375 0.63671875 0.154296875 0.59765625 0.115234375 0.59765625 0.154296875 0.63671875
0 0.66796875 0.7109375 0.70703125 0.671875 0.66796875 0.671875 0.70703125 0.7109375
0 0.099609375 0.8359375 0.138671875 0.796875 0.099609375 0.796875 0.138671875 0.8359375
0 0.697265625 0.80078125 0.736328125 0.76171875 0.697265625 0.76171875 0.736328125 0.80078125
0 0.44140625 0.66015625 0.48046875 0.62109375 0.44140625 0.62109375 0.48046875 0.66015625
0 0.0859375 0.798828125 0.125 0.759765625 0.0859375 0.759765625 0.125 0.798828125
0 0.701171875 0.244140625 0.740234375 0.205078125 0.701171875 0.205078125 0.740234375 0.244140625
0 0.306640625 0.626953125 0.345703125 0.587890625 0.306640625 0.587890625 0.345703125 0.626953125
0 0.587890625 0.65625 0.626953125 0.6171875 0.587890625 0.6171875 0.626953125 0.65625
0 0.087890625 0.869140625 0.126953125 0.830078125 0.087890625 0.830078125 0.126953125 0.869140625
0 0.634765625 0.61328125 0.673828125 0.57421875 0.634765625 0.57421875 0.673828125 0.61328125
