0 0.328125 0.173828125 0.3671875 0.134765625 0.328125 0.134765625 0.3671875 0.173828125
0 0.10546875 0.4296875 0.14453125 0.390625 0.10546875 0.390625 0.14453125 0.4296875
0 0.900390625 0.748046875 0.939453125 0.708984375 0.900390625 0.708984375 0.939453125 0.748046875
0 0.037109375 0.56640625 0.076171875 0.52734375 0.037109375 0.52734375 0.076171875 0.56640625
0 0.0859375 0.224609375 0.125 0.185546875 0.0859375 0.185546875 0.125 0.224609375
0 0.109375 0.498046875 0.1484375 0.458984375 0.109375 0.458984375 0.1484375 0.498046875
0 0.140625 0.712890625 0.1796875 0.673828125 0.140625 0.673828125 0.1796875 0.712890625
0 0.77734375 0.71484375 0.81640625 0.67578125 0.77734375 0.67578125 0.81640625 0.71484375
0 0.32421875 0.53515625 0.36328125 0.49609375 0.32421875 0.49609375 0.36328125 0.53515625
0 0.349609375 0.896484375 0.388671875 0.857421875 0.349609375 0.857421875 0.388671875 0.896484375
0 0.232421875 0.658203125 0.271484375 0.619140625 0.232421875 0.619140625 0.271484375 0.658203125
0 0.736328125 0.15234375 0.775390625 0.11328125 0.736328125 0.11328125 0.775390625 0.15234375
