0 0.91796875 0.1171875 0.95703125 0.078125 0.91796875 0.078125 0.95703125 0.1171875
0 0.18359375 0.744140625 0.22265625 0.705078125 0.18359375 0.705078125 0.22265625 0.744140625
0 0.0703125 0.779296875 0.109375 0.740234375 0.0703125 0.740234375 0.109375 0.779296875
0 0.58203125 0.392578125 0.62109375 0.353515625 0.58203125 0.353515625 0.62109375 0.392578125
0 0.1171875 0.94921875 0.15625 0.91015625 0.1171875 0.91015625 0.15625 0.94921875
0 0.576171875 0.26953125 0.615234375 0.23046875 0.576171875 0.23046875 0.615234375 0.26953125
0 0.275390625 0.904296875 0.314453125 0.865234375 0.275390625 0.865234375 0.314453125 0.904296875
0 0.62890625 0.36328125 0.66796875 0.32421875 0.62890625 0.32421875 0.66796875 0.36328125
0 0.263671875 0.41796875 0.302734375 0.37890625 0.263671875 0.37890625 0.302734375 0.41796875
0 0.75 0.193359375 0.7890625 0.154296875 0.75 0.154296875 0.7890625 0.193359375
0 0.240234375 0.470703125 0.279296875 0.431640625 0.240234375 0.431640625 0.279296875 0.470703125
0 0.572265625 0.4453125 0.611328125 0.40625 0.572265625 0.40625 0.611328125 0.4453125
0 0.64453125 0.37890625 0.68359375 0.33984375 0.64453125 0.33984375 0.68359375 0.37890625
