0 0.3046875 0.939453125 0.34375 0.900390625 0.3046875 0.900390625 0.34375 0.939453125
0 0.392578125 0.283203125 0.431640625 0.244140625 0.392578125 0.244140625 0.431640625 0.283203125
0 0.46875 0.17578125 0.5078125 0.13671875 0.46875 0.13671875 0.5078125 0.17578125
0 0.595703125 0.37109375 0.634765625 0.33203125 0.595703125 0.33203125 0.634765625 0.37109375
0 0.169921875 0.28515625 0.208984375 0.24609375 0.169921875 0.24609375 0.208984375 0.28515625
0 0.904296875 0.564453125 0.943359375 0.525390625 0.904296875 0.525390625 0.943359375 0.564453125
0 0.541015625 0.3671875 0.580078125 0.328125 0.541015625 0.328125 0.580078125 0.3671875
0 0.70703125 0.68359375 0.74609375 0.64453125 0.70703125 0.64453125 0.74609375 0.68359375
0 0.142578125 0.1015625 0.181640625 0.0625 0.142578125 0.0625 0.181640625 0.1015625
0 0.603515625 0.453125 0.642578125 0.4140625 0.603515625 0.4140625 0.642578125 0.453125
0 0.087890625 0.751953125 0.126953125 0.712890625 0.087890625 0.712890625 0.126953125 0.751953125
0 0.548828125 0.927734375 0.587890625 0.888671875 0.548828125 0.888671875 0.587890625 0.927734375
