0 0.2421875 0.93359375 0.28125 0.89453125 0.2421875 0.89453125 0.28125 0.93359375
0 0.193359375 0.697265625 0.232421875 0.658203125 0.193359375 0.658203125 0.232421875 0.697265625
0 0.703125 0.810546875 0.7421875 0.771484375 0.703125 0.771484375 0.7421875 0.810546875
0 0.1171875 0.466796875 0.15625 0.427734375 0.1171875 0.427734375 0.15625 0.466796875
0 0.69921875 0.88671875 0.73828125 0.84765625 0.69921875 0.84765625 0.73828125 0.88671875
0 0.642578125 0.25 0.681640625 0.2109375 0.642578125 0.2109375 0.681640625 0.25
0 0.78125 0.521484375 0.8203125 0.482421875 0.78125 0.482421875 0.8203125 0.521484375
0 0.302734375 0.814453125 0.341796875 0.775390625 0.302734375 0.775390625 0.341796875 0.814453125
0 0.31640625 0.548828125 0.35546875 0.509765625 0.31640625 0.509765625 0.35546875 0.548828125
0 0.537109375 0.341796875 0.576171875 0.302734375 0.537109375 0.302734375 0.576171875 0.341796875
