0 0.802734375 0.921875 0.841796875 0.8828125 0.802734375 0.8828125 0.841796875 0.921875
0 0.650390625 0.083984375 0.689453125 0.044921875 0.650390625 0.044921875 0.689453125 0.083984375
0 0.14453125 0.298828125 0.18359375 0.259765625 0.14453125 0.259765625 0.18359375 0.298828125
0 0.5 0.71484375 0.5390625 0.67578125 0.5 0.67578125 0.5390625 0.71484375
0 0.09765625 0.13671875 0.13671875 0.09765625 0.09765625 0.09765625 0.13671875 0.13671875
0 0.82421875 0.583984375 0.86328125 0.544921875 0.82421875 0.544921875 0.86328125 0.583984375
0 0.26171875 0.9375 0.30078125 0.8984375 0.26171875 0.8984375 0.30078125 0.9375
0 0.19140625 0.28515625 0.23046875 0.24609375 0.19140625 0.24609375 0.23046875 0.28515625
0 0.69140625 0.40234375 0.73046875 0.36328125 0.69140625 0.36328125 0.73046875 0.40234375
0 0.849609375 0.556640625 0.888671875 0.517578125 0.849609375 0.517578125 0.888671875 0.556640625
0 0.92578125 0.853515625 0.96484375 0.814453125 0.92578125 0.814453125 0.96484375 0.853515625
