0 0.892578125 0.12109375 0.931640625 0.08203125 0.892578125 0.08203125 0.931640625 0.12109375
0 0.84375 0.548828125 0.8828125 0.509765625 0.84375 0.509765625 0.8828125 0.548828125
0 0.646484375 0.78515625 0.685546875 0.74609375 0.646484375 0.74609375 0.685546875 0.78515625
0 0.1640625 0.224609375 0.203125 0.185546875 0.1640625 0.185546875 0.203125 0.224609375
0 0.779296875 0.72265625 0.818359375 0.68359375 0.779296875 0.68359375 0.818359375 0.72265625
0 0.849609375 0.623046875 0.888671875 0.583984375 0.849609375 0.583984375 0.888671875 0.623046875
0 0.33984375 0.65234375 0.37890625 0.61328125 0.33984375 0.61328125 0.37890625 0.65234375
0 0.41796875 0.95703125 0.45703125 0.91796875 0.41796875 0.91796875 0.45703125 0.95703125
0 0.03125 0.171875 0.0703125 0.1328125 0.03125 0.1328125 0.0703125 0.171875
0 0.041015625 0.583984375 0.080078125 0.544921875 0.041015625 0.544921875 0.080078125 0.583984375
0 0.83984375 0.66015625 0.87890625 0.62109375 0.83984375 0.62109375 0.87890625 0.66015625
0 0.693359375 0.615234375 0.732421875 0.576171875 0.693359375 0.576171875 0.732421875 0.615234375
