0 0.85546875 0.890625 0.89453125 0.8515625 0.85546875 0.8515625 0.89453125 0.890625
0 0.693359375 0.162109375 0.732421875 0.123046875 0.693359375 0.123046875 0.732421875 0.162109375
0 0.654296875 0.7734375 0.693359375 0.734375 0.654296875 0.734375 0.693359375 0.7734375
0 0.76171875 0.169921875 0.80078125 0.130859375 0.76171875 0.130859375 0.80078125 0.169921875
0 0.599609375 0.490234375 0.638671875 0.451171875 0.599609375 0.451171875 0.638671875 0.490234375
0 0.119140625 0.953125 0.158203125 0.9140625 0.119140625 0.9140625 0.158203125 0.953125
0 0.5078125 0.515625 0.546875 0.4765625 0.5078125 0.4765625 0.546875 0.515625
0 0.119140625 0.1171875 0.158203125 0.078125 0.119140625 0.078125 0.158203125 0.1171875
0 0.345703125 0.50390625 0.384765625 0.46484375 0.345703125 0.46484375 0.384765625 0.50390625
0 0.806640625 0.8125 0.845703125 0.7734375 0.806640625 0.7734375 0.845703125 0.8125
0 0.533203125 0.806640625 0.572265625 0.767578125 0.533203125 0.767578125 0.572265625 0.806640625
0 0.083984375 0.681640625 0.123046875 0.642578125 0.083984375 0.642578125 0.123046875 0.681640625
