0 0.0546875 0.8984375 0.09375 0.859375 0.0546875 0.859375 0.09375 0.8984375
0 0.912109375 0.95703125 0.951171875 0.91796875 0.912109375 0.91796875 0.951171875 0.95703125
0 0.625 0.345703125 0.6640625 0.306640625 0.625 0.306640625 0.6640625 0.345703125
0 0.47265625 0.5078125 0.51171875 0.46875 0.47265625 0.46875 0.51171875 0.5078125
0 0.90234375 0.962890625 0.94140625 0.923828125 0.90234375 0.923828125 0.94140625 0.962890625
0 0.279296875 0.115234375 0.318359375 0.076171875 0.279296875 0.076171875 0.318359375 0.115234375
0 0.806640625 0.251953125 0.845703125 0.212890625 0.806640625 0.212890625 0.845703125 0.251953125
0 0.763671875 0.8046875 0.802734375 0.765625 0.763671875 0.765625 0.802734375 0.8046875
0 0.58203125 0.3125 0.62109375 0.2734375 0.58203125 0.2734375 0.62109375 0.3125
0 0.10546875 0.51171875 0.14453125 0.47265625 0.10546875 0.47265625 0.14453125 0.51171875
0 0.79296875 0.216796875 0.83203125 0.177734375 0.79296875 0.177734375 0.83203125 0.216796875
0 0.876953125 0.44921875 0.916015625 0.41015625 0.876953125 0.41015625 0.916015625 0.44921875
0 0.79296875 0.66015625 0.83203125 0.62109375 0.79296875 0.62109375 0.83203125 0.66015625
0 0.88671875 0.828125 0.92578125 0.7890625 0.88671875 0.7890625 0.92578125 0.828125
