0 0.2109375 0.2265625 0.25 0.1875 0.2109375 0.1875 0.25 0.2265625
0 0.673828125 0.77734375 0.712890625 0.73828125 0.673828125 0.73828125 0.712890625 0.77734375
0 0.646484375 0.85546875 0.685546875 0.81640625 0.646484375 0.81640625 0.685546875 0.85546875
0 0.396484375 0.583984375 0.435546875 0.544921875 0.396484375 0.544921875 0.435546875 0.583984375
0 0.388671875 0.88671875 0.427734375 0.84765625 0.388671875 0.84765625 0.427734375 0.88671875
0 0.48828125 0.087890625 0.52734375 0.048828125 0.48828125 0.048828125 0.52734375 0.087890625
0 0.03515625 0.169921875 0.07421875 0.130859375 0.03515625 0.130859375 0.07421875 0.169921875
0 0.8984375 0.330078125 0.9375 0.291015625 0.8984375 0.291015625 0.9375 0.330078125
0 0.453125 0.724609375 0.4921875 0.685546875 0.453125 0.685546875 0.4921875 0.724609375
0 0.640625 0.533203125 0.6796875 0.494140625 0.640625 0.494140625 0.6796875 0.533203125
0 0.447265625 0.79296875 0.486328125 0.75390625 0.447265625 0.75390625 0.486328125 0.79296875
0 0.19140625 0.607421875 0.23046875 0.568359375 0.19140625 0.568359375 0.23046875 0.607421875
0 0.048828125 0.56640625 0.087890625 0.52734375 0.048828125 0.52734375 0.087890625 0.56640625
0 0.5703125 0.41015625 0.609375 0.37109375 0.5703125 0.37109375 0.609375 0.41015625
