0 0.45703125 0.2421875 0.49609375 0.203125 0.45703125 0.203125 0.49609375 0.2421875
0 0.84765625 0.3671875 0.88671875 0.328125 0.84765625 0.328125 0.88671875 0.3671875
0 0.390625 0.576171875 0.4296875 0.537109375 0.390625 0.537109375 0.4296875 0.576171875
0 0.611328125 0.12109375 0.650390625 0.08203125 0.611328125 0.08203125 0.650390625 0.12109375
0 0.6015625 0.26171875 0.640625 0.22265625 0.6015625 0.22265625 0.640625 0.26171875
0 0.20703125 0.5703125 0.24609375 0.53125 0.20703125 0.53125 0.24609375 0.5703125
0 0.537109375 0.416015625 0.576171875 0.376953125 0.537109375 0.376953125 0.576171875 0.416015625
0 0.42578125 0.802734375 0.46484375 0.763671875 0.42578125 0.763671875 0.46484375 0.802734375
0 0.33984375 0.228515625 0.37890625 0.189453125 0.33984375 0.189453125 0.37890625 0.228515625
0 0.74609375 0.626953125 0.78515625 0.587890625 0.74609375 0.587890625 0.78515625 0.626953125
0 0.2109375 0.107421875 0.25 0.068359375 0.2109375 0.068359375 0.25 0.107421875
