0 0.37890625 0.390625 0.41796875 0.3515625 0.37890625 0.3515625 0.41796875 0.390625
0 0.427734375 0.904296875 0.466796875 0.865234375 0.427734375 0.865234375 0.466796875 0.904296875
0 0.4453125 0.59375 0.484375 0.5546875 0.4453125 0.5546875 0.484375 0.59375
0 0.318359375 0.84765625 0.357421875 0.80859375 0.318359375 0.80859375 0.357421875 0.84765625
0 0.740234375 0.71875 0.779296875 0.6796875 0.740234375 0.6796875 0.779296875 0.71875
0 0.2421875 0.822265625 0.28125 0.783203125 0.2421875 0.783203125 0.28125 0.822265625
0 0.0546875 0.732421875 0.09375 0.693359375 0.0546875 0.693359375 0.09375 0.732421875
0 0.6796875 0.19140625 0.71875 0.15234375 0.6796875 0.15234375 0.71875 0.19140625
0 0.791015625 0.087890625 0.830078125 0.048828125 0.791015625 0.048828125 0.830078125 0.087890625
0 0.62890625 0.625 0.66796875 0.5859375 0.62890625 0.5859375 0.66796875 0.625
0 0.23046875 0.462890625 0.26953125 0.423828125 0.23046875 0.423828125 0.26953125 0.462890625
0 0.916015625 0.48046875 0.955078125 0.44140625 0.916015625 0.44140625 0.955078125 0.48046875
0 0.412109375 0.466796875 0.451171875 0.427734375 0.412109375 0.427734375 0.451171875 0.466796875
0 0.255859375 0.458984375 0.294921875 0.419921875 0.255859375 0.419921875 0.294921875 0.458984375
