0 0.892578125 0.146484375 0.931640625 0.107421875 0.892578125 0.107421875 0.931640625 0.146484375
0 0.787109375 0.13671875 0.826171875 0.09765625 0.787109375 0.09765625 0.826171875 0.13671875
0 0.3984375 0.1875 0.4375 0.1484375 0.3984375 0.1484375 0.4375 0.1875
0 0.71875 0.85546875 0.7578125 0.81640625 0.71875 0.81640625 0.7578125 0.85546875
0 0.830078125 0.119140625 0.869140625 0.080078125 0.830078125 0.080078125 0.869140625 0.119140625
0 0.85546875 0.087890625 0.89453125 0.048828125 0.85546875 0.048828125 0.89453125 0.087890625
0 0.205078125 0.419921875 0.244140625 0.380859375 0.205078125 0.380859375 0.244140625 0.419921875
0 0.466796875 0.474609375 0.505859375 0.435546875 0.466796875 0.435546875 0.505859375 0.474609375
0 0.181640625 0.251953125 0.220703125 0.212890625 0.181640625 0.212890625 0.220703125 0.251953125
0 0.888671875 0.697265625 0.927734375 0.658203125 0.888671875 0.658203125 0.927734375 0.697265625
0 0.17578125 0.783203125 0.21484375 0.744140625 0.17578125 0.744140625 0.21484375 0.783203125
0 0.587890625 0.28515625 0.626953125 0.24609375 0.587890625 0.24609375 0.626953125 0.28515625
