0 0.1796875 0.703125 0.21875 0.6640625 0.1796875 0.6640625 0.21875 0.703125
0 0.162109375 0.216796875 0.201171875 0.177734375 0.162109375 0.177734375 0.201171875 0.216796875
0 0.76171875 0.76171875 0.80078125 0.72265625 0.76171875 0.72265625 0.80078125 0.76171875
0 0.046875 0.28515625 0.0859375 0.24609375 0.046875 0.24609375 0.0859375 0.28515625
0 0.873046875 0.888671875 0.912109375 0.849609375 0.873046875 0.849609375 0.912109375 0.888671875
0 0.27734375 0.53515625 0.31640625 0.49609375 0.27734375 0.49609375 0.31640625 0.53515625
0 0.369140625 0.73046875 0.408203125 0.69140625 0.369140625 0.69140625 0.408203125 0.73046875
0 0.345703125 0.42578125 0.384765625 0.38671875 0.345703125 0.38671875 0.384765625 0.42578125
0 0.287109375 0.83984375 0.326171875 0.80078125 0.287109375 0.80078125 0.326171875 0.83984375
0 0.369140625 0.935546875 0.408203125 0.896484375 0.369140625 0.896484375 0.408203125 0.935546875
0 0.50390625 0.265625 0.54296875 0.2265625 0.50390625 0.2265625 0.54296875 0.265625
0 0.837890625 0.830078125 0.876953125 0.791015625 0.837890625 0.791015625 0.876953125 0.830078125
