0 0.248046875 0.443359375 0.287109375 0.404296875 0.248046875 0.404296875 0.287109375 0.443359375
0 0.83984375 0.568359375 0.87890625 0.529296875 0.83984375 0.529296875 0.87890625 0.568359375
0 0.517578125 0.515625 0.556640625 0.4765625 0.517578125 0.4765625 0.556640625 0.515625
0 0.32421875 0.4296875 0.36328125 0.390625 0.32421875 0.390625 0.36328125 0.4296875
0 0.923828125 0.291015625 0.962890625 0.251953125 0.923828125 0.251953125 0.962890625 0.291015625
0 0.65234375 0.548828125 0.69140625 0.509765625 0.65234375 0.509765625 0.69140625 0.548828125
0 0.048828125 0.666015625 0.087890625 0.626953125 0.048828125 0.626953125 0.087890625 0.666015625
0 0.458984375 0.720703125 0.498046875 0.681640625 0.458984375 0.681640625 0.498046875 0.720703125
0 0.177734375 0.654296875 0.216796875 0.615234375 0.177734375 0.615234375 0.216796875 0.654296875
0 0.66015625 0.5078125 0.69921875 0.46875 0.66015625 0.46875 0.69921875 0.5078125
