0 0.74609375 0.66796875 0.78515625 0.62890625 0.74609375 0.62890625 0.78515625 0.66796875
0 0.37890625 0.71484375 0.41796875 0.67578125 0.37890625 0.67578125 0.41796875 0.71484375
0 0.57421875 0.85546875 0.61328125 0.81640625 0.57421875 0.81640625 0.61328125 0.85546875
0 0.185546875 0.611328125 0.224609375 0.572265625 0.185546875 0.572265625 0.224609375 0.611328125
0 0.443359375 0.19140625 0.482421875 0.15234375 0.443359375 0.15234375 0.482421875 0.19140625
0 0.11328125 0.591796875 0.15234375 0.552734375 0.11328125 0.552734375 0.15234375 0.591796875
0 0.146484375 0.53125 0.185546875 0.4921875 0.146484375 0.4921875 0.185546875 0.53125
0 0.06640625 0.58984375 0.10546875 0.55078125 0.06640625 0.55078125 0.10546875 0.58984375
0 0.912109375 0.33203125 0.951171875 0.29296875 0.912109375 0.29296875 0.951171875 0.33203125
0 0.646484375 0.1328125 0.685546875 0.09375 0.646484375 0.09375 0.685546875 0.1328125
0 0.728515625 0.265625 0.767578125 0.2265625 0.728515625 0.2265625 0.767578125 0.265625
