0 0.791015625 0.298828125 0.830078125 0.259765625 0.791015625 0.259765625 0.830078125 0.298828125
0 0.140625 0.62109375 0.1796875 0.58203125 0.140625 0.58203125 0.1796875 0.62109375
0 0.375 0.61328125 0.4140625 0.57421875 0.375 0.57421875 0.4140625 0.61328125
0 0.083984375 0.474609375 0.123046875 0.435546875 0.083984375 0.435546875 0.123046875 0.474609375
0 0.630859375 0.453125 0.669921875 0.4140625 0.630859375 0.4140625 0.669921875 0.453125
0 0.22265625 0.087890625 0.26171875 0.048828125 0.22265625 0.048828125 0.26171875 0.087890625
0 0.84375 0.083984375 0.8828125 0.044921875 0.84375 0.044921875 0.8828125 0.083984375
0 0.484375 0.205078125 0.5234375 0.166015625 0.484375 0.166015625 0.5234375 0.205078125
0 0.251953125 0.203125 0.291015625 0.1640625 0.251953125 0.1640625 0.291015625 0.203125
0 0.681640625 0.966796875 0.720703125 0.927734375 0.681640625 0.927734375 0.720703125 0.966796875
