0 0.087890625 0.3125 0.126953125 0.2734375 0.087890625 0.2734375 0.126953125 0.3125
0 0.060546875 0.076171875 0.099609375 0.037109375 0.060546875 0.037109375 0.099609375 0.076171875
0 0.32421875 0.220703125 0.36328125 0.181640625 0.32421875 0.181640625 0.36328125 0.220703125
0 0.861328125 0.4296875 0.900390625 0.390625 0.861328125 0.390625 0.900390625 0.4296875
0 0.38671875 0.115234375 0.42578125 0.076171875 0.38671875 0.076171875 0.42578125 0.115234375
0 0.55859375 0.359375 0.59765625 0.3203125 0.55859375 0.3203125 0.59765625 0.359375
0 0.203125 0.166015625 0.2421875 0.126953125 0.203125 0.126953125 0.2421875 0.166015625
0 0.869140625 0.521484375 0.908203125 0.482421875 0.869140625 0.482421875 0.908203125 0.521484375
0 0.4453125 0.349609375 0.484375 0.310546875 0.4453125 0.310546875 0.484375 0.349609375
0 0.224609375 0.111328125 0.263671875 0.072265625 0.224609375 0.072265625 0.263671875 0.111328125
