0 0.263671875 0.267578125 0.302734375 0.228515625 0.263671875 0.228515625 0.302734375 0.267578125
0 0.90234375 0.275390625 0.94140625 0.236328125 0.90234375 0.236328125 0.94140625 0.275390625
0 0.25 0.09765625 0.2890625 0.05859375 0.25 0.05859375 0.2890625 0.09765625
0 0.841796875 0.302734375 0.880859375 0.263671875 0.841796875 0.263671875 0.880859375 0.302734375
0 0.3984375 0.568359375 0.4375 0.529296875 0.3984375 0.529296875 0.4375 0.568359375
0 0.8359375 0.861328125 0.875 0.822265625 0.8359375 0.822265625 0.875 0.861328125
0 0.3203125 0.09375 0.359375 0.0546875 0.3203125 0.0546875 0.359375 0.09375
0 0.37890625 0.70703125 0.41796875 0.66796875 0.37890625 0.66796875 0.41796875 0.70703125
0 0.458984375 0.841796875 0.498046875 0.802734375 0.458984375 0.802734375 0.498046875 0.841796875
0 0.6171875 0.439453125 0.65625 0.400390625 0.6171875 0.400390625 0.65625 0.439453125
0 0.505859375 0.533203125 0.544921875 0.494140625 0.505859375 0.494140625 0.544921875 0.533203125
