0 0.662109375 0.546875 0.701171875 0.5078125 0.662109375 0.5078125 0.701171875 0.546875
0 0.865234375 0.2421875 0.904296875 0.203125 0.865234375 0.203125 0.904296875 0.2421875
0 0.302734375 0.591796875 0.341796875 0.552734375 0.302734375 0.552734375 0.341796875 0.591796875
0 0.171875 0.330078125 0.2109375 0.291015625 0.171875 0.291015625 0.2109375 0.330078125
0 0.736328125 0.93359375 0.775390625 0.89453125 0.736328125 0.89453125 0.775390625 0.93359375
0 0.8984375 0.84765625 0.9375 0.80859375 0.8984375 0.80859375 0.9375 0.84765625
0 0.212890625 0.431640625 0.251953125 0.392578125 0.212890625 0.392578125 0.251953125 0.431640625
0 0.10546875 0.130859375 0.14453125 0.091796875 0.10546875 0.091796875 0.14453125 0.130859375
0 0.41015625 0.955078125 0.44921875 0.916015625 0.41015625 0.916015625 0.44921875 0.955078125
0 0.556640625 0.40234375 0.595703125 0.36328125 0.556640625 0.36328125 0.595703125 0.40234375
0 0.23046875 0.3984375 0.26953125 0.359375 0.23046875 0.359375 0.26953125 0.3984375
0 0.37890625 0.57421875 0.41796875 0.53515625 0.37890625 0.53515625 0.41796875 0.57421875
