0 0.615234375 0.251953125 0.654296875 0.212890625 0.615234375 0.212890625 0.654296875 0.251953125
0 0.88671875 0.95703125 0.92578125 0.91796875 0.88671875 0.91796875 0.92578125 0.95703125
0 0.82421875 0.177734375 0.86328125 0.138671875 0.82421875 0.138671875 0.86328125 0.177734375
0 0.79296875 0.49609375 0.83203125 0.45703125 0.79296875 0.45703125 0.83203125 0.49609375
0 0.53515625 0.361328125 0.57421875 0.322265625 0.53515625 0.322265625 0.57421875 0.361328125
0 0.1953125 0.673828125 0.234375 0.634765625 0.1953125 0.634765625 0.234375 0.673828125
0 0.40234375 0.630859375 0.44140625 0.591796875 0.40234375 0.591796875 0.44140625 0.630859375
0 0.27734375 0.91015625 0.31640625 0.87109375 0.27734375 0.87109375 0.31640625 0.91015625
0 0.5859375 0.1328125 0.625 0.09375 0.5859375 0.09375 0.625 0.1328125
0 0.853515625 0.19140625 0.892578125 0.15234375 0.853515625 0.15234375 0.892578125 0.19140625
0 0.1484375 0.513671875 0.1875 0.474609375 0.1484375 0.474609375 0.1875 0.513671875
0 0.392578125 0.07421875 0.431640625 0.03515625 0.392578125 0.03515625 0.431640625 0.07421875
0 0.326171875 0.404296875 0.365234375 0.365234375 0.326171875 0.365234375 0.365234375 0.404296875
0 0.509765625 0.345703125 0.548828125 0.306640625 0.509765625 0.306640625 0.548828125 0.345703125
