0 0.27734375 0.8203125 0.31640625 0.78125 0.27734375 0.78125 0.31640625 0.8203125
0 0.23828125 0.3984375 0.27734375 0.359375 0.23828125 0.359375 0.27734375 0.3984375
0 0.76953125 0.6875 0.80859375 0.6484375 0.76953125 0.6484375 0.80859375 0.6875
0 0.169921875 0.462890625 0.208984375 0.423828125 0.169921875 0.423828125 0.208984375 0.462890625
0 0.826171875 0.30859375 0.865234375 0.26953125 0.826171875 0.26953125 0.865234375 0.30859375
0 0.671875 0.40234375 0.7109375 0.36328125 0.671875 0.36328125 0.7109375 0.40234375
0 0.73046875 0.53515625 0.76953125 0.49609375 0.73046875 0.49609375 0.76953125 0.53515625
0 0.259765625 0.630859375 0.298828125 0.591796875 0.259765625 0.591796875 0.298828125 0.630859375
0 0.271484375 0.396484375 0.310546875 0.357421875 0.271484375 0.357421875 0.310546875 0.396484375
0 0.748046875 0.478515625 0.787109375 0.439453125 0.748046875 0.439453125 0.787109375 0.478515625
0 0.6015625 0.416015625 0.640625 0.376953125 0.6015625 0.376953125 0.640625 0.416015625
0 0.533203125 0.431640625 0.572265625 0.392578125 0.533203125 0.392578125 0.572265625 0.431640625
0 0.482421875 0.6015625 0.521484375 0.5625 0.482421875 0.5625 0.521484375 0.6015625
0 0.5234375 0.896484375 0.5625 0.857421875 0.5234375 0.857421875 0.5625 0.896484375
