0 0.265625 0.8671875 0.3046875 0.828125 0.265625 0.828125 0.3046875 0.8671875
0 0.095703125 0.154296875 0.134765625 0.115234375 0.095703125 0.115234375 0.134765625 0.154296875
0 0.646484375 0.142578125 0.685546875 0.103515625 0.646484375 0.103515625 0.685546875 0.142578125
0 0.83203125 0.255859375 0.87109375 0.216796875 0.83203125 0.216796875 0.87109375 0.255859375
0 0.642578125 0.90234375 0.681640625 0.86328125 0.642578125 0.86328125 0.681640625 0.90234375
0 0.541015625 0.65625 0.580078125 0.6171875 0.541015625 0.6171875 0.580078125 0.65625
0 0.703125 0.634765625 0.7421875 0.595703125 0.703125 0.595703125 0.7421875 0.634765625
0 0.89453125 0.134765625 0.93359375 0.095703125 0.89453125 0.095703125 0.93359375 0.134765625
0 0.185546875 0.15625 0.224609375 0.1171875 0.185546875 0.1171875 0.224609375 0.15625
0 0.861328125 0.677734375 0.900390625 0.638671875 0.861328125 0.638671875 0.900390625 0.677734375
