0 0.65625 0.203125 0.6953125 0.1640625 0.65625 0.1640625 0.6953125 0.203125
0 0.490234375 0.7421875 0.529296875 0.703125 0.490234375 0.703125 0.529296875 0.7421875
0 0.515625 0.412109375 0.5546875 0.373046875 0.515625 0.373046875 0.5546875 0.412109375
0 0.099609375 0.130859375 0.138671875 0.091796875 0.099609375 0.091796875 0.138671875 0.130859375
0 0.2578125 0.37890625 0.296875 0.33984375 0.2578125 0.33984375 0.296875 0.37890625
0 0.59765625 0.30859375 0.63671875 0.26953125 0.59765625 0.26953125 0.63671875 0.30859375
0 0.6015625 0.369140625 0.640625 0.330078125 0.6015625 0.330078125 0.640625 0.369140625
0 0.728515625 0.4375 0.767578125 0.3984375 0.728515625 0.3984375 0.767578125 0.4375
0 0.486328125 0.162109375 0.525390625 0.123046875 0.486328125 0.123046875 0.525390625 0.162109375
0 0.515625 0.662109375 0.5546875 0.623046875 0.515625 0.623046875 0.5546875 0.662109375
0 0.583984375 0.91015625 0.623046875 0.87109375 0.583984375 0.87109375 0.623046875 0.91015625
0 0.703125 0.70703125 0.7421875 0.66796875 0.703125 0.66796875 0.7421875 0.70703125
0 0.75390625 0.4609375 0.79296875 0.421875 0.75390625 0.421875 0.79296875 0.4609375
0 0.841796875 0.681640625 0.880859375 0.642578125 0.841796875 0.642578125 0.880859375 0.681640625
