0 0.8359375 0.205078125 0.875 0.166015625 0.8359375 0.166015625 0.875 0.205078125
0 0.13671875 0.73046875 0.17578125 0.69140625 0.13671875 0.69140625 0.17578125 0.73046875
0 0.845703125 0.90625 0.884765625 0.8671875 0.845703125 0.8671875 0.884765625 0.90625
0 0.373046875 0.818359375 0.412109375 0.779296875 0.373046875 0.779296875 0.412109375 0.818359375
0 0.67578125 0.28515625 0.71484375 0.24609375 0.67578125 0.24609375 0.71484375 0.28515625
0 0.26171875 0.65234375 0.30078125 0.61328125 0.26171875 0.61328125 0.30078125 0.65234375
0 0.07421875 0.73828125 0.11328125 0.69921875 0.07421875 0.69921875 0.11328125 0.73828125
0 0.140625 0.53515625 0.1796875 0.49609375 0.140625 0.49609375 0.1796875 0.53515625
0 0.693359375 0.150390625 0.732421875 0.111328125 0.693359375 0.111328125 0.732421875 0.150390625
0 0.091796875 0.19921875 0.130859375 0.16015625 0.091796875 0.16015625 0.130859375 0.19921875
0 0.2734375 0.43359375 0.3125 0.39453125 0.2734375 0.39453125 0.3125 0.43359375
0 0.205078125 0.2578125 0.244140625 0.21875 0.205078125 0.21875 0.244140625 0.2578125
0 0.83984375 0.947265625 0.87890625 0.908203125 0.83984375 0.908203125 0.87890625 0.947265625
0 0.279296875 0.4453125 0.318359375 0.40625 0.279296875 0.40625 0.318359375 0.4453125
