0 0.642578125 0.185546875 0.681640625 0.146484375 0.642578125 0.146484375 0.681640625 0.185546875
0 0.48046875 0.75 0.51953125 0.7109375 0.48046875 0.7109375 0.51953125 0.75
0 0.880859375 0.9453125 0.919921875 0.90625 0.880859375 0.90625 0.919921875 0.9453125
0 0.5859375 0.658203125 0.625 0.619140625 0.5859375 0.619140625 0.625 0.658203125
0 0.42578125 0.484375 0.46484375 0.4453125 0.42578125 0.4453125 0.46484375 0.484375
0 0.34765625 0.13671875 0.38671875 0.09765625 0.34765625 0.09765625 0.38671875 0.13671875
0 0.73046875 0.556640625 0.76953125 0.517578125 0.73046875 0.517578125 0.76953125 0.556640625
0 0.837890625 0.234375 0.876953125 0.1953125 0.837890625 0.1953125 0.876953125 0.234375
0 0.541015625 0.83203125 0.580078125 0.79296875 0.541015625 0.79296875 0.580078125 0.83203125
0 0.62109375 0.4921875 0.66015625 0.453125 0.62109375 0.453125 0.66015625 0.4921875
