0 0.162109375 0.412109375 0.201171875 0.373046875 0.162109375 0.373046875 0.201171875 0.412109375
0 0.20703125 0.3984375 0.24609375 0.359375 0.20703125 0.359375 0.24609375 0.3984375
0 0.830078125 0.14453125 0.869140625 0.10546875 0.830078125 0.10546875 0.869140625 0.14453125
0 0.71484375 0.58984375 0.75390625 0.55078125 0.71484375 0.55078125 0.75390625 0.58984375
0 0.6328125 0.29296875 0.671875 0.25390625 0.6328125 0.25390625 0.671875 0.29296875
0 0.517578125 0.6953125 0.556640625 0.65625 0.517578125 0.65625 0.556640625 0.6953125
0 0.572265625 0.787109375 0.611328125 0.748046875 0.572265625 0.748046875 0.611328125 0.787109375
0 0.203125 0.8203125 0.2421875 0.78125 0.203125 0.78125 0.2421875 0.8203125
0 0.666015625 0.517578125 0.705078125 0.478515625 0.666015625 0.478515625 0.705078125 0.517578125
0 0.3828125 0.419921875 0.421875 0.380859375 0.3828125 0.380859375 0.421875 0.419921875
0 0.740234375 0.654296875 0.779296875 0.615234375 0.740234375 0.615234375 0.779296875 0.654296875
0 0.900390625 0.236328125 0.939453125 0.197265625 0.900390625 0.197265625 0.939453125 0.236328125
0 0.564453125 0.810546875 0.603515625 0.771484375 0.564453125 0.771484375 0.603515625 0.810546875
0 0.80859375 0.29296875 0.84765625 0.25390625 0.80859375 0.25390625 0.84765625 0.29296875
