0 0.16796875 0.32421875 0.20703125 0.28515625 0.16796875 0.28515625 0.20703125 0.32421875
0 0.1015625 0.453125 0.140625 0.4140625 0.1015625 0.4140625 0.140625 0.453125
0 0.646484375 0.736328125 0.685546875 0.697265625 0.646484375 0.697265625 0.685546875 0.736328125
0 0.560546875 0.91015625 0.599609375 0.87109375 0.560546875 0.87109375 0.599609375 0.91015625
0 0.33203125 0.3984375 0.37109375 0.359375 0.33203125 0.359375 0.37109375 0.3984375
0 0.71484375 0.1875 0.75390625 0.1484375 0.71484375 0.1484375 0.75390625 0.1875
0 0.259765625 0.529296875 0.298828125 0.490234375 0.259765625 0.490234375 0.298828125 0.529296875
0 0.482421875 0.5 0.521484375 0.4609375 0.482421875 0.4609375 0.521484375 0.5
0 0.56640625 0.69140625 0.60546875 0.65234375 0.56640625 0.65234375 0.60546875 0.69140625
0 0.87109375 0.529296875 0.91015625 0.490234375 0.87109375 0.490234375 0.91015625 0.529296875
0 0.29296875 0.421875 0.33203125 0.3828125 0.29296875 0.3828125 0.33203125 0.421875
