0 0.912109375 0.11328125 0.951171875 0.07421875 0.912109375 0.07421875 0.951171875 0.11328125
0 0.88671875 0.564453125 0.92578125 0.525390625 0.88671875 0.525390625 0.92578125 0.564453125
0 0.779296875 0.8359375 0.818359375 0.796875 0.779296875 0.796875 0.818359375 0.8359375
0 0.15625 0.94921875 0.1953125 0.91015625 0.15625 0.91015625 0.1953125 0.94921875
0 0.177734375 0.853515625 0.216796875 0.814453125 0.177734375 0.814453125 0.216796875 0.853515625
0 0.8515625 0.8828125 0.890625 0.84375 0.8515625 0.84375 0.890625 0.8828125
0 0.623046875 0.404296875 0.662109375 0.365234375 0.623046875 0.365234375 0.662109375 0.404296875
0 0.87890625 0.396484375 0.91796875 0.357421875 0.87890625 0.357421875 0.91796875 0.396484375
0 0.40625 0.5078125 0.4453125 0.46875 0.40625 0.46875 0.4453125 0.5078125
0 0.408203125 0.73828125 0.447265625 0.69921875 0.408203125 0.69921875 0.447265625 0.73828125
0 0.46875 0.5078125 0.5078125 0.46875 0.46875 0.46875 0.5078125 0.5078125
