0 0.583984375 0.46484375 0.623046875 0.42578125 0.583984375 0.42578125 0.623046875 0.46484375
0 0.458984375 0.36328125 0.498046875 0.32421875 0.458984375 0.32421875 0.498046875 0.36328125
0 0.828125 0.80078125 0.8671875 0.76171875 0.828125 0.76171875 0.8671875 0.80078125
0 0.458984375 0.375 0.498046875 0.3359375 0.458984375 0.3359375 0.498046875 0.375
0 0.251953125 0.830078125 0.291015625 0.791015625 0.251953125 0.791015625 0.291015625 0.830078125
0 0.400390625 0.341796875 0.439453125 0.302734375 0.400390625 0.302734375 0.439453125 0.341796875
0 0.830078125 0.08984375 0.869140625 0.05078125 0.830078125 0.05078125 0.869140625 0.08984375
0 0.80078125 0.412109375 0.83984375 0.373046875 0.80078125 0.373046875 0.83984375 0.412109375
0 0.111328125 0.380859375 0.150390625 0.341796875 0.111328125 0.341796875 0.150390625 0.380859375
0 0.701171875 0.953125 0.740234375 0.9140625 0.701171875 0.9140625 0.740234375 0.953125
0 0.5234375 0.662109375 0.5625 0.623046875 0.5234375 0.623046875 0.5625 0.662109375
