0 0.59375 0.123046875 0.6328125 0.083984375 0.59375 0.083984375 0.6328125 0.123046875
0 0.826171875 0.875 0.865234375 0.8359375 0.826171875 0.8359375 0.865234375 0.875
0 0.51953125 0.65234375 0.55859375 0.61328125 0.51953125 0.61328125 0.55859375 0.65234375
0 0.103515625 0.3125 0.142578125 0.2734375 0.103515625 0.2734375 0.142578125 0.3125
0 0.626953125 0.111328125 0.666015625 0.072265625 0.626953125 0.072265625 0.666015625 0.111328125
0 0.203125 0.638671875 0.2421875 0.599609375 0.203125 0.599609375 0.2421875 0.638671875
0 0.705078125 0.33984375 0.744140625 0.30078125 0.705078125 0.30078125 0.744140625 0.33984375
0 0.8046875 0.875 0.84375 0.8359375 0.8046875 0.8359375 0.84375 0.875
0 0.1015625 0.90234375 0.140625 0.86328125 0.1015625 0.86328125 0.140625 0.90234375
0 0.2734375 0.49609375 0.3125 0.45703125 0.2734375 0.45703125 0.3125 0.49609375
0 0.27734375 0.61328125 0.31640625 0.57421875 0.27734375 0.57421875 0.31640625 0.61328125
0 0.275390625 0.8359375 0.314453125 0.796875 0.275390625 0.796875 0.314453125 0.8359375
0 0.2421875 0.173828125 0.28125 0.134765625 0.2421875 0.134765625 0.28125 0.173828125
0 0.271484375 0.25390625 0.310546875 0.21484375 0.271484375 0.21484375 0.310546875 0.25390625
