0 0.482421875 0.521484375 0.521484375 0.482421875 0.482421875 0.482421875 0.521484375 0.521484375
0 0.90234375 0.9609375 0.94140625 0.921875 0.90234375 0.921875 0.94140625 0.9609375
0 0.65234375 0.66796875 0.69140625 0.62890625 0.65234375 0.62890625 0.69140625 0.66796875
0 0.591796875 0.150390625 0.630859375 0.111328125 0.591796875 0.111328125 0.630859375 0.150390625
0 0.056640625 0.595703125 0.095703125 0.556640625 0.056640625 0.556640625 0.095703125 0.595703125
0 0.625 0.935546875 0.6640625 0.896484375 0.625 0.896484375 0.6640625 0.935546875
0 0.8359375 0.490234375 0.875 0.451171875 0.8359375 0.451171875 0.875 0.490234375
0 0.501953125 0.541015625 0.541015625 0.501953125 0.501953125 0.501953125 0.541015625 0.541015625
0 0.25 0.390625 0.2890625 0.3515625 0.25 0.3515625 0.2890625 0.390625
0 0.658203125 0.935546875 0.697265625 0.896484375 0.658203125 0.896484375 0.697265625 0.935546875
0 0.927734375 0.33984375 0.966796875 0.30078125 0.927734375 0.30078125 0.966796875 0.33984375
