0 0.91796875 0.52734375 0.95703125 0.48828125 0.91796875 0.48828125 0.95703125 0.52734375
0 0.150390625 0.162109375 0.189453125 0.123046875 0.150390625 0.123046875 0.189453125 0.162109375
0 0.837890625 0.69921875 0.876953125 0.66015625 0.837890625 0.66015625 0.876953125 0.69921875
0 0.13671875 0.33203125 0.17578125 0.29296875 0.13671875 0.29296875 0.17578125 0.33203125
0 0.73046875 0.177734375 0.76953125 0.138671875 0.73046875 0.138671875 0.76953125 0.177734375
0 0.791015625 0.7109375 0.830078125 0.671875 0.791015625 0.671875 0.830078125 0.7109375
0 0.333984375 0.447265625 0.373046875 0.408203125 0.333984375 0.408203125 0.373046875 0.447265625
0 0.326171875 0.271484375 0.365234375 0.232421875 0.326171875 0.232421875 0.365234375 0.271484375
0 0.73828125 0.208984375 0.77734375 0.169921875 0.73828125 0.169921875 0.77734375 0.208984375
0 0.607421875 0.623046875 0.646484375 0.583984375 0.607421875 0.583984375 0.646484375 0.623046875
0 0.755859375 0.515625 0.794921875 0.4765625 0.755859375 0.4765625 0.794921875 0.515625
0 0.9140625 0.29296875 0.953125 0.25390625 0.9140625 0.25390625 0.953125 0.29296875
0 0.625 0.841796875 0.6640625 0.802734375 0.625 0.802734375 0.6640625 0.841796875
