0 0.91015625 0.669921875 0.94921875 0.630859375 0.91015625 0.630859375 0.94921875 0.669921875
0 0.224609375 0.91796875 0.263671875 0.87890625 0.224609375 0.87890625 0.263671875 0.91796875
0 0.138671875 0.541015625 0.177734375 0.501953125 0.138671875 0.501953125 0.177734375 0.541015625
0 0.666015625 0.66015625 0.705078125 0.62109375 0.666015625 0.62109375 0.705078125 0.66015625
0 0.84765625 0.58203125 0.88671875 0.54296875 0.84765625 0.54296875 0.88671875 0.58203125
0 0.5859375 0.529296875 0.625 0.490234375 0.5859375 0.490234375 0.625 0.529296875
0 0.72265625 0.171875 0.76171875 0.1328125 0.72265625 0.1328125 0.76171875 0.171875
0 0.443359375 0.736328125 0.482421875 0.697265625 0.443359375 0.697265625 0.482421875 0.736328125
0 0.896484375 0.36328125 0.935546875 0.32421875 0.896484375 0.32421875 0.935546875 0.36328125
0 0.84765625 0.89453125 0.88671875 0.85546875 0.84765625 0.85546875 0.88671875 0.89453125
0 0.619140625 0.744140625 0.658203125 0.705078125 0.619140625 0.705078125 0.658203125 0.744140625
