0 0.900390625 0.587890625 0.939453125 0.548828125 0.900390625 0.548828125 0.939453125 0.587890625
0 0.30859375 0.291015625 0.34765625 0.251953125 0.30859375 0.251953125 0.34765625 0.291015625
0 0.078125 0.3515625 0.1171875 0.3125 0.078125 0.3125 0.1171875 0.3515625
0 0.11328125 0.8359375 0.15234375 0.796875 0.11328125 0.796875 0.15234375 0.8359375
0 0.8984375 0.546875 0.9375 0.5078125 0.8984375 0.5078125 0.9375 0.546875
0 0.36328125 0.841796875 0.40234375 0.802734375 0.36328125 0.802734375 0.40234375 0.841796875
0 0.23046875 0.326171875 0.26953125 0.287109375 0.23046875 0.287109375 0.26953125 0.326171875
0 0.744140625 0.74609375 0.783203125 0.70703125 0.744140625 0.70703125 0.783203125 0.74609375
0 0.576171875 0.16796875 0.615234375 0.12890625 0.576171875 0.12890625 0.615234375 0.16796875
0 0.5390625 0.958984375 0.578125 0.919921875 0.5390625 0.919921875 0.578125 0.958984375
