0 0.16796875 0.1640625 0.20703125 0.125 0.16796875 0.125 0.20703125 0.1640625
0 0.373046875 0.337890625 0.412109375 0.298828125 0.373046875 0.298828125 0.412109375 0.337890625
0 0.642578125 0.796875 0.681640625 0.7578125 0.642578125 0.7578125 0.681640625 0.796875
0 0.060546875 0.859375 0.099609375 0.8203125 0.060546875 0.8203125 0.099609375 0.859375
0 0.158203125 0.568359375 0.197265625 0.529296875 0.158203125 0.529296875 0.197265625 0.568359375
0 0.439453125 0.4921875 0.478515625 0.453125 0.439453125 0.453125 0.478515625 0.4921875
0 0.099609375 0.20703125 0.138671875 0.16796875 0.099609375 0.16796875 0.138671875 0.20703125
0 0.23046875 0.169921875 0.26953125 0.130859375 0.23046875 0.130859375 0.26953125 0.169921875
0 0.228515625 0.630859375 0.267578125 0.591796875 0.228515625 0.591796875 0.267578125 0.630859375
0 0.482421875 0.8828125 0.521484375 0.84375 0.482421875 0.84375 0.521484375 0.8828125
0 0.36328125 0.23828125 0.40234375 0.19921875 0.36328125 0.19921875 0.40234375 0.23828125
0 0.748046875 0.673828125 0.787109375 0.634765625 0.748046875 0.634765625 0.787109375 0.673828125
