0 0.318359375 0.220703125 0.357421875 0.181640625 0.318359375 0.181640625 0.357421875 0.220703125
0 0.7421875 0.841796875 0.78125 0.802734375 0.7421875 0.802734375 0.78125 0.841796875
0 0.6953125 0.888671875 0.734375 0.849609375 0.6953125 0.849609375 0.734375 0.888671875
0 0.423828125 0.7265625 0.462890625 0.6875 0.423828125 0.6875 0.462890625 0.7265625
0 0.8515625 0.578125 0.890625 0.5390625 0.8515625 0.5390625 0.890625 0.578125
0 0.875 0.126953125 0.9140625 0.087890625 0.875 0.087890625 0.9140625 0.126953125
0 0.69140625 0.83203125 0.73046875 0.79296875 0.69140625 0.79296875 0.73046875 0.83203125
0 0.8515625 0.275390625 0.890625 0.236328125 0.8515625 0.236328125 0.890625 0.275390625
0 0.12109375 0.333984375 0.16015625 0.294921875 0.12109375 0.294921875 0.16015625 0.333984375
0 0.447265625 0.89453125 0.486328125 0.85546875 0.447265625 0.85546875 0.486328125 0.89453125
0 0.568359375 0.716796875 0.607421875 0.677734375 0.568359375 0.677734375 0.607421875 0.716796875
0 0.69140625 0.302734375 0.73046875 0.263671875 0.69140625 0.263671875 0.73046875 0.302734375
0 0.9296875 0.724609375 0.96875 0.685546875 0.9296875 0.685546875 0.96875 0.724609375
0 0.77734375 0.080078125 0.81640625 0.041015625 0.77734375 0.041015625 0.81640625 0.080078125
