0 0.55078125 0.08203125 0.58984375 0.04296875 0.55078125 0.04296875 0.58984375 0.08203125
0 0.724609375 0.640625 0.763671875 0.6015625 0.724609375 0.6015625 0.763671875 0.640625
0 0.365234375 0.4375 0.404296875 0.3984375 0.365234375 0.3984375 0.404296875 0.4375
0 0.34375 0.529296875 0.3828125 0.490234375 0.34375 0.490234375 0.3828125 0.529296875
0 0.103515625 0.6875 0.142578125 0.6484375 0.103515625 0.6484375 0.142578125 0.6875
0 0.466796875 0.240234375 0.505859375 0.201171875 0.466796875 0.201171875 0.505859375 0.240234375
0 0.27734375 0.46875 0.31640625 0.4296875 0.27734375 0.4296875 0.31640625 0.46875
0 0.896484375 0.35546875 0.935546875 0.31640625 0.896484375 0.31640625 0.935546875 0.35546875
0 0.8046875 0.869140625 0.84375 0.830078125 0.8046875 0.830078125 0.84375 0.869140625
0 0.0625 0.44921875 0.1015625 0.41015625 0.0625 0.41015625 0.1015625 0.44921875
0 0.265625 0.88671875 0.3046875 0.84765625 0.265625 0.84765625 0.3046875 0.88671875
0 0.384765625 0.234375 0.423828125 0.1953125 0.384765625 0.1953125 0.423828125 0.234375
