0 0.83203125 0.54296875 0.87109375 0.50390625 0.83203125 0.50390625 0.87109375 0.54296875
0 0.443359375 0.345703125 0.482421875 0.306640625 0.443359375 0.306640625 0.482421875 0.345703125
0 0.42578125 0.162109375 0.46484375 0.123046875 0.42578125 0.123046875 0.46484375 0.162109375
0 0.326171875 0.599609375 0.365234375 0.560546875 0.326171875 0.560546875 0.365234375 0.599609375
0 0.1015625 0.93359375 0.140625 0.89453125 0.1015625 0.89453125 0.140625 0.93359375
0 0.236328125 0.609375 0.275390625 0.5703125 0.236328125 0.5703125 0.275390625 0.609375
0 0.2109375 0.90234375 0.25 0.86328125 0.2109375 0.86328125 0.25 0.90234375
0 0.58984375 0.9140625 0.62890625 0.875 0.58984375 0.875 0.62890625 0.9140625
0 0.453125 0.716796875 0.4921875 0.677734375 0.453125 0.677734375 0.4921875 0.716796875
0 0.92578125 0.291015625 0.96484375 0.251953125 0.92578125 0.251953125 0.96484375 0.291015625
0 0.5078125 0.43359375 0.546875 0.39453125 0.5078125 0.39453125 0.546875 0.43359375
0 0.462890625 0.966796875 0.501953125 0.927734375 0.462890625 0.927734375 0.501953125 0.966796875
