0 0.49609375 0.353515625 0.53515625 0.314453125 0.49609375 0.314453125 0.53515625 0.353515625
0 0.375 0.390625 0.4140625 0.3515625 0.375 0.3515625 0.4140625 0.390625
0 0.828125 0.787109375 0.8671875 0.748046875 0.828125 0.748046875 0.8671875 0.787109375
0 0.43359375 0.5234375 0.47265625 0.484375 0.43359375 0.484375 0.47265625 0.5234375
0 0.61328125 0.23828125 0.65234375 0.19921875 0.61328125 0.19921875 0.65234375 0.23828125
0 0.849609375 0.482421875 0.888671875 0.443359375 0.849609375 0.443359375 0.888671875 0.482421875
0 0.8125 0.599609375 0.8515625 0.560546875 0.8125 0.560546875 0.8515625 0.599609375
0 0.486328125 0.345703125 0.525390625 0.306640625 0.486328125 0.306640625 0.525390625 0.345703125
0 0.76171875 0.8203125 0.80078125 0.78125 0.76171875 0.78125 0.80078125 0.8203125
0 0.435546875 0.6953125 0.474609375 0.65625 0.435546875 0.65625 0.474609375 0.6953125
0 0.275390625 0.572265625 0.314453125 0.533203125 0.275390625 0.533203125 0.314453125 0.572265625
0 0.65625 0.509765625 0.6953125 0.470703125 0.65625 0.470703125 0.6953125 0.509765625
0 0.15625 0.701171875 0.1953125 0.662109375 0.15625 0.662109375 0.1953125 0.701171875
