0 0.75 0.373046875 0.7890625 0.333984375 0.75 0.333984375 0.7890625 0.373046875
0 0.177734375 0.29296875 0.216796875 0.25390625 0.177734375 0.25390625 0.216796875 0.29296875
0 0.880859375 0.865234375 0.919921875 0.826171875 0.880859375 0.826171875 0.919921875 0.865234375
0 0.29296875 0.208984375 0.33203125 0.169921875 0.29296875 0.169921875 0.33203125 0.208984375
0 0.16796875 0.091796875 0.20703125 0.052734375 0.16796875 0.052734375 0.20703125 0.091796875
0 0.66796875 0.658203125 0.70703125 0.619140625 0.66796875 0.619140625 0.70703125 0.658203125
0 0.3359375 0.32421875 0.375 0.28515625 0.3359375 0.28515625 0.375 0.32421875
0 0.2734375 0.966796875 0.3125 0.927734375 0.2734375 0.927734375 0.3125 0.966796875
0 0.2578125 0.43359375 0.296875 0.39453125 0.2578125 0.39453125 0.296875 0.43359375
0 0.6015625 0.61328125 0.640625 0.57421875 0.6015625 0.57421875 0.640625 0.61328125
