0 0.751953125 0.958984375 0.791015625 0.919921875 0.751953125 0.919921875 0.791015625 0.958984375
0 0.66796875 0.224609375 0.70703125 0.185546875 0.66796875 0.185546875 0.70703125 0.224609375
0 0.626953125 0.486328125 0.666015625 0.447265625 0.626953125 0.447265625 0.666015625 0.486328125
0 0.359375 0.5 0.3984375 0.4609375 0.359375 0.4609375 0.3984375 0.5
0 0.416015625 0.9453125 0.455078125 0.90625 0.416015625 0.90625 0.455078125 0.9453125
0 0.45703125 0.185546875 0.49609375 0.146484375 0.45703125 0.146484375 0.49609375 0.185546875
0 0.1328125 0.380859375 0.171875 0.341796875 0.1328125 0.341796875 0.171875 0.380859375
0 0.65625 0.771484375 0.6953125 0.732421875 0.65625 0.732421875 0.6953125 0.771484375
0 0.353515625 0.80859375 0.392578125 0.76953125 0.353515625 0.76953125 0.392578125 0.80859375
0 0.24609375 0.224609375 0.28515625 0.185546875 0.24609375 0.185546875 0.28515625 0.224609375
