0 0.6796875 0.611328125 0.71875 0.572265625 0.6796875 0.572265625 0.71875 0.611328125
0 0.19140625 0.529296875 0.23046875 0.490234375 0.19140625 0.490234375 0.23046875 0.529296875
0 0.037109375 0.607421875 0.076171875 0.568359375 0.037109375 0.568359375 0.076171875 0.607421875
0 0.662109375 0.287109375 0.701171875 0.248046875 0.662109375 0.248046875 0.701171875 0.287109375
0 0.17578125 0.6171875 0.21484375 0.578125 0.17578125 0.578125 0.21484375 0.6171875
0 0.599609375 0.478515625 0.638671875 0.439453125 0.599609375 0.439453125 0.638671875 0.478515625
0 0.6015625 0.552734375 0.640625 0.513671875 0.6015625 0.513671875 0.640625 0.552734375
0 0.099609375 0.416015625 0.138671875 0.376953125 0.099609375 0.376953125 0.138671875 0.416015625
0 0.443359375 0.765625 0.482421875 0.7265625 0.443359375 0.7265625 0.482421875 0.765625
0 0.892578125 0.306640625 0.931640625 0.267578125 0.892578125 0.267578125 0.931640625 0.306640625
0 0.908203125 0.33203125 0.947265625 0.29296875 0.908203125 0.29296875 0.947265625 0.33203125
0 0.068359375 0.9609375 0.107421875 0.921875 0.068359375 0.921875 0.107421875 0.9609375
