0 0.458984375 0.9609375 0.498046875 0.921875 0.458984375 0.921875 0.498046875 0.9609375
0 0.158203125 0.603515625 0.197265625 0.564453125 0.158203125 0.564453125 0.197265625 0.603515625
0 0.16796875 0.50390625 0.20703125 0.46484375 0.16796875 0.46484375 0.20703125 0.50390625
0 0.87109375 0.228515625 0.91015625 0.189453125 0.87109375 0.189453125 0.91015625 0.228515625
0 0.716796875 0.099609375 0.755859375 0.060546875 0.716796875 0.060546875 0.755859375 0.099609375
0 0.357421875 0.380859375 0.396484375 0.341796875 0.357421875 0.341796875 0.396484375 0.380859375
0 0.291015625 0.236328125 0.330078125 0.197265625 0.291015625 0.197265625 0.330078125 0.236328125
0 0.779296875 0.2421875 0.818359375 0.203125 0.779296875 0.203125 0.818359375 0.2421875
0 0.35546875 0.48046875 0.39453125 0.44140625 0.35546875 0.44140625 0.39453125 0.48046875
0 0.8515625 0.421875 0.890625 0.3828125 0.8515625 0.3828125 0.890625 0.421875
0 0.42578125 0.3203125 0.46484375 0.28125 0.42578125 0.28125 0.46484375 0.3203125
0 0.8359375 0.64453125 0.875 0.60546875 0.8359375 0.60546875 0.875 0.64453125
0 0.58984375 0.322265625 0.62890625 0.283203125 0.58984375 0.283203125 0.62890625 0.322265625
0 0.18359375 0.861328125 0.22265625 0.822265625 0.18359375 0.822265625 0.22265625 0.861328125
