0 0.458984375 0.318359375 0.498046875 0.279296875 0.458984375 0.279296875 0.498046875 0.318359375
0 0.4609375 0.388671875 0.5 0.349609375 0.4609375 0.349609375 0.5 0.388671875
0 0.24609375 0.8125 0.28515625 0.7734375 0.24609375 0.7734375 0.28515625 0.8125
0 0.533203125 0.9609375 0.572265625 0.921875 0.533203125 0.921875 0.572265625 0.9609375
0 0.759765625 0.40234375 0.798828125 0.36328125 0.759765625 0.36328125 0.798828125 0.40234375
0 0.498046875 0.81640625 0.537109375 0.77734375 0.498046875 0.77734375 0.537109375 0.81640625
0 0.59375 0.095703125 0.6328125 0.056640625 0.59375 0.056640625 0.6328125 0.095703125
0 0.796875 0.80859375 0.8359375 0.76953125 0.796875 0.76953125 0.8359375 0.80859375
0 0.509765625 0.18359375 0.548828125 0.14453125 0.509765625 0.14453125 0.548828125 0.18359375
0 0.47265625 0.462890625 0.51171875 0.423828125 0.47265625 0.423828125 0.51171875 0.462890625
0 0.6953125 0.359375 0.734375 0.3203125 0.6953125 0.3203125 0.734375 0.359375
0 0.04296875 0.2421875 0.08203125 0.203125 0.04296875 0.203125 0.08203125 0.2421875
0 0.861328125 0.646484375 0.900390625 0.607421875 0.861328125 0.607421875 0.900390625 0.646484375
0 0.095703125 0.615234375 0.134765625 0.576171875 0.095703125 0.576171875 0.134765625 0.615234375
