0 0.70703125 0.75390625 0.74609375 0.71484375 0.70703125 0.71484375 0.74609375 0.75390625
0 0.34375 0.58984375 0.3828125 0.55078125 0.34375 0.55078125 0.3828125 0.58984375
0 0.62890625 0.72265625 0.66796875 0.68359375 0.62890625 0.68359375 0.66796875 0.72265625
0 0.677734375 0.892578125 0.716796875 0.853515625 0.677734375 0.853515625 0.716796875 0.892578125
0 0.744140625 0.818359375 0.783203125 0.779296875 0.744140625 0.779296875 0.783203125 0.818359375
0 0.345703125 0.8125 0.384765625 0.7734375 0.345703125 0.7734375 0.384765625 0.8125
0 0.47265625 0.25 0.51171875 0.2109375 0.47265625 0.2109375 0.51171875 0.25
0 0.294921875 0.90625 0.333984375 0.8671875 0.294921875 0.8671875 0.333984375 0.90625
0 0.22265625 0.111328125 0.26171875 0.072265625 0.22265625 0.072265625 0.26171875 0.111328125
0 0.455078125 0.21875 0.494140625 0.1796875 0.455078125 0.1796875 0.494140625 0.21875
