0 0.1328125 0.443359375 0.171875 0.404296875 0.1328125 0.404296875 0.171875 0.443359375
0 0.755859375 0.88671875 0.794921875 0.84765625 0.755859375 0.84765625 0.794921875 0.88671875
0 0.89453125 0.3515625 0.93359375 0.3125 0.89453125 0.3125 0.93359375 0.3515625
0 0.88671875 0.5234375 0.92578125 0.484375 0.88671875 0.484375 0.92578125 0.5234375
0 0.365234375 0.544921875 0.404296875 0.505859375 0.365234375 0.505859375 0.404296875 0.544921875
0 0.541015625 0.888671875 0.580078125 0.849609375 0.541015625 0.849609375 0.580078125 0.888671875
0 0.419921875 0.103515625 0.458984375 0.064453125 0.419921875 0.064453125 0.458984375 0.103515625
0 0.275390625 0.5 0.314453125 0.4609375 0.275390625 0.4609375 0.314453125 0.5
0 0.736328125 0.466796875 0.775390625 0.427734375 0.736328125 0.427734375 0.775390625 0.466796875
0 0.9140625 0.095703125 0.953125 0.056640625 0.9140625 0.056640625 0.953125 0.095703125
0 0.4140625 0.75 0.453125 0.7109375 0.4140625 0.7109375 0.453125 0.75
0 0.435546875 0.939453125 0.474609375 0.900390625 0.435546875 0.900390625 0.474609375 0.939453125
0 0.384765625 0.37109375 0.423828125 0.33203125 0.384765625 0.33203125 0.423828125 0.37109375
0 0.154296875 0.111328125 0.193359375 0.072265625 0.154296875 0.072265625 0.193359375 0.111328125
