0 0.63671875 0.18359375 0.67578125 0.14453125 0.63671875 0.14453125 0.67578125 0.18359375
0 0.556640625 0.08203125 0.595703125 0.04296875 0.556640625 0.04296875 0.595703125 0.08203125
0 0.232421875 0.291015625 0.271484375 0.251953125 0.232421875 0.251953125 0.271484375 0.291015625
0 0.744140625 0.91796875 0.783203125 0.87890625 0.744140625 0.87890625 0.783203125 0.91796875
0 0.212890625 0.23828125 0.251953125 0.19921875 0.212890625 0.19921875 0.251953125 0.23828125
0 0.615234375 0.2109375 0.654296875 0.171875 0.615234375 0.171875 0.654296875 0.2109375
0 0.43359375 0.689453125 0.47265625 0.650390625 0.43359375 0.650390625 0.47265625 0.689453125
0 0.142578125 0.625 0.181640625 0.5859375 0.142578125 0.5859375 0.181640625 0.625
0 0.71484375 0.45703125 0.75390625 0.41796875 0.71484375 0.41796875 0.75390625 0.45703125
0 0.275390625 0.71875 0.314453125 0.6796875 0.275390625 0.6796875 0.314453125 0.71875
