0 0.427734375 0.529296875 0.466796875 0.490234375 0.427734375 0.490234375 0.466796875 0.529296875
0 0.041015625 0.818359375 0.080078125 0.779296875 0.041015625 0.779296875 0.080078125 0.818359375
0 0.125 0.830078125 0.1640625 0.791015625 0.125 0.791015625 0.1640625 0.830078125
0 0.38671875 0.23046875 0.42578125 0.19140625 0.38671875 0.19140625 0.42578125 0.23046875
0 0.537109375 0.20703125 0.576171875 0.16796875 0.537109375 0.16796875 0.576171875 0.20703125
0 0.078125 0.685546875 0.1171875 0.646484375 0.078125 0.646484375 0.1171875 0.685546875
0 0.32421875 0.462890625 0.36328125 0.423828125 0.32421875 0.423828125 0.36328125 0.462890625
0 0.89453125 0.30078125 0.93359375 0.26171875 0.89453125 0.26171875 0.93359375 0.30078125
0 0.708984375 0.216796875 0.748046875 0.177734375 0.708984375 0.177734375 0.748046875 0.216796875
0 0.056640625 0.255859375 0.095703125 0.216796875 0.056640625 0.216796875 0.095703125 0.255859375
