0 0.7578125 0.5078125 0.796875 0.46875 0.7578125 0.46875 0.796875 0.5078125
0 0.037109375 0.41015625 0.076171875 0.37109375 0.037109375 0.37109375 0.076171875 0.41015625
0 0.615234375 0.1875 0.654296875 0.1484375 0.615234375 0.1484375 0.654296875 0.1875
0 0.701171875 0.509765625 0.740234375 0.470703125 0.701171875 0.470703125 0.740234375 0.509765625
0 0.55078125 0.685546875 0.58984375 0.646484375 0.55078125 0.646484375 0.58984375 0.685546875
0 0.560546875 0.08984375 0.599609375 0.05078125 0.560546875 0.05078125 0.599609375 0.08984375
0 0.720703125 0.34375 0.759765625 0.3046875 0.720703125 0.3046875 0.759765625 0.34375
0 0.859375 0.818359375 0.8984375 0.779296875 0.859375 0.779296875 0.8984375 0.818359375
0 0.8515625 0.482421875 0.890625 0.443359375 0.8515625 0.443359375 0.890625 0.482421875
0 0.341796875 0.888671875 0.380859375 0.849609375 0.341796875 0.849609375 0.380859375 0.888671875
