0 0.400390625 0.96484375 0.439453125 0.92578125 0.400390625 0.92578125 0.439453125 0.96484375
0 0.646484375 0.875 0.685546875 0.8359375 0.646484375 0.8359375 0.685546875 0.875
0 0.12109375 0.744140625 0.16015625 0.705078125 0.12109375 0.705078125 0.16015625 0.744140625
0 0.0703125 0.6015625 0.109375 0.5625 0.0703125 0.5625 0.109375 0.6015625
0 0.466796875 0.845703125 0.505859375 0.806640625 0.466796875 0.806640625 0.505859375 0.845703125
0 0.609375 0.091796875 0.6484375 0.052734375 0.609375 0.052734375 0.6484375 0.091796875
0 0.59765625 0.6328125 0.63671875 0.59375 0.59765625 0.59375 0.63671875 0.6328125
0 0.421875 0.498046875 0.4609375 0.458984375 0.421875 0.458984375 0.4609375 0.498046875
0 0.8359375 0.423828125 0.875 0.384765625 0.8359375 0.384765625 0.875 0.423828125
0 0.3203125 0.80859375 0.359375 0.76953125 0.3203125 0.76953125 0.359375 0.80859375
0 0.59765625 0.9296875 0.63671875 0.890625 0.59765625 0.890625 0.63671875 0.9296875
