0 0.671875 0.826171875 0.7109375 0.787109375 0.671875 0.787109375 0.7109375 0.826171875
0 0.48046875 0.814453125 0.51953125 0.775390625 0.48046875 0.775390625 0.51953125 0.814453125
0 0.7734375 0.767578125 0.8125 0.728515625 0.7734375 0.728515625 0.8125 0.767578125
0 0.8828125 0.79296875 0.921875 0.75390625 0.8828125 0.75390625 0.921875 0.79296875
0 0.169921875 0.587890625 0.208984375 0.548828125 0.169921875 0.548828125 0.208984375 0.587890625
0 0.7109375 0.896484375 0.75 0.857421875 0.7109375 0.857421875 0.75 0.896484375
0 0.76953125 0.146484375 0.80859375 0.107421875 0.76953125 0.107421875 0.80859375 0.146484375
0 0.37109375 0.080078125 0.41015625 0.041015625 0.37109375 0.041015625 0.41015625 0.080078125
0 0.17578125 0.916015625 0.21484375 0.876953125 0.17578125 0.876953125 0.21484375 0.916015625
0 0.6796875 0.939453125 0.71875 0.900390625 0.6796875 0.900390625 0.71875 0.939453125
0 0.8828125 0.15234375 0.921875 0.11328125 0.8828125 0.11328125 0.921875 0.15234375
0 0.630859375 0.388671875 0.669921875 0.349609375 0.630859375 0.349609375 0.669921875 0.388671875
0 0.26171875 0.66796875 0.30078125 0.62890625 0.26171875 0.62890625 0.30078125 0.66796875
0 0.171875 0.1953125 0.2109375 0.15625 0.171875 0.15625 0.2109375 0.1953125
