0 0.86328125 0.787109375 0.90234375 0.748046875 0.86328125 0.748046875 0.90234375 0.787109375
0 0.740234375 0.43359375 0.779296875 0.39453125 0.740234375 0.39453125 0.779296875 0.43359375
0 0.298828125 0.3671875 0.337890625 0.328125 0.298828125 0.328125 0.337890625 0.3671875
0 0.673828125 0.4296875 0.712890625 0.390625 0.673828125 0.390625 0.712890625 0.4296875
0 0.341796875 0.810546875 0.380859375 0.771484375 0.341796875 0.771484375 0.380859375 0.810546875
0 0.310546875 0.615234375 0.349609375 0.576171875 0.310546875 0.576171875 0.349609375 0.615234375
0 0.623046875 0.248046875 0.662109375 0.208984375 0.623046875 0.208984375 0.662109375 0.248046875
0 0.044921875 0.552734375 0.083984375 0.513671875 0.044921875 0.513671875 0.083984375 0.552734375
0 0.23046875 0.20703125 0.26953125 0.16796875 0.23046875 0.16796875 0.26953125 0.20703125
0 0.68359375 0.748046875 0.72265625 0.708984375 0.68359375 0.708984375 0.72265625 0.748046875
0 0.88671875 0.560546875 0.92578125 0.521484375 0.88671875 0.521484375 0.92578125 0.560546875
0 0.88671875 0.7890625 0.92578125 0.75 0.88671875 0.75 0.92578125 0.7890625
