0 0.90234375 0.935546875 0.94140625 0.896484375 0.90234375 0.896484375 0.94140625 0.935546875
0 0.56640625 0.158203125 0.60546875 0.119140625 0.56640625 0.119140625 0.60546875 0.158203125
0 0.7421875 0.5703125 0.78125 0.53125 0.7421875 0.53125 0.78125 0.5703125
0 0.474609375 0.60546875 0.513671875 0.56640625 0.474609375 0.56640625 0.513671875 0.60546875
0 0.640625 0.48828125 0.6796875 0.44921875 0.640625 0.44921875 0.6796875 0.48828125
0 0.73828125 0.28125 0.77734375 0.2421875 0.73828125 0.2421875 0.77734375 0.28125
0 0.12890625 0.826171875 0.16796875 0.787109375 0.12890625 0.787109375 0.16796875 0.826171875
0 0.25 0.212890625 0.2890625 0.173828125 0.25 0.173828125 0.2890625 0.212890625
0 0.162109375 0.8828125 0.201171875 0.84375 0.162109375 0.84375 0.201171875 0.8828125
0 0.6640625 0.673828125 0.703125 0.634765625 0.6640625 0.634765625 0.703125 0.673828125
0 0.51171875 0.791015625 0.55078125 0.751953125 0.51171875 0.751953125 0.55078125 0.791015625
