0 0.236328125 0.240234375 0.275390625 0.201171875 0.236328125 0.201171875 0.275390625 0.240234375
0 0.62109375 0.314453125 0.66015625 0.275390625 0.62109375 0.275390625 0.66015625 0.314453125
0 0.19921875 0.953125 0.23828125 0.9140625 0.19921875 0.9140625 0.23828125 0.953125
0 0.830078125 0.19140625 0.869140625 0.15234375 0.830078125 0.15234375 0.869140625 0.19140625
0 0.083984375 0.109375 0.123046875 0.0703125 0.083984375 0.0703125 0.123046875 0.109375
0 0.91015625 0.90625 0.94921875 0.8671875 0.91015625 0.8671875 0.94921875 0.90625
0 0.751953125 0.34765625 0.791015625 0.30859375 0.751953125 0.30859375 0.791015625 0.34765625
0 0.40234375 0.8125 0.44140625 0.7734375 0.40234375 0.7734375 0.44140625 0.8125
0 0.357421875 0.51171875 0.396484375 0.47265625 0.357421875 0.47265625 0.396484375 0.51171875
0 0.810546875 0.30859375 0.849609375 0.26953125 0.810546875 0.26953125 0.849609375 0.30859375
