0 0.708984375 0.947265625 0.748046875 0.908203125 0.708984375 0.908203125 0.748046875 0.947265625
0 0.103515625 0.2421875 0.142578125 0.203125 0.103515625 0.203125 0.142578125 0.2421875
0 0.22265625 0.484375 0.26171875 0.4453125 0.22265625 0.4453125 0.26171875 0.484375
0 0.80859375 0.798828125 0.84765625 0.759765625 0.80859375 0.759765625 0.84765625 0.798828125
0 0.056640625 0.3359375 0.095703125 0.296875 0.056640625 0.296875 0.095703125 0.3359375
0 0.646484375 0.349609375 0.685546875 0.310546875 0.646484375 0.310546875 0.685546875 0.349609375
0 0.330078125 0.39453125 0.369140625 0.35546875 0.330078125 0.35546875 0.369140625 0.39453125
0 0.4375 0.841796875 0.4765625 0.802734375 0.4375 0.802734375 0.4765625 0.841796875
0 0.3984375 0.87109375 0.4375 0.83203125 0.3984375 0.83203125 0.4375 0.87109375
0 0.908203125 0.9140625 0.947265625 0.875 0.908203125 0.875 0.947265625 0.9140625
0 0.171875 0.568359375 0.2109375 0.529296875 0.171875 0.529296875 0.2109375 0.568359375
0 0.095703125 0.751953125 0.134765625 0.712890625 0.095703125 0.712890625 0.134765625 0.751953125
0 0.744140625 0.427734375 0.783203125 0.388671875 0.744140625 0.388671875 0.783203125 0.427734375
0 0.794921875 0.90234375 0.833984375 0.86328125 0.794921875 0.86328125 0.833984375 0.90234375
