0 0.75390625 0.0703125 0.79296875 0.03125 0.75390625 0.03125 0.79296875 0.0703125
0 0.6796875 0.189453125 0.71875 0.150390625 0.6796875 0.150390625 0.71875 0.189453125
0 0.326171875 0.087890625 0.365234375 0.048828125 0.326171875 0.048828125 0.365234375 0.087890625
0 0.541015625 0.220703125 0.580078125 0.181640625 0.541015625 0.181640625 0.580078125 0.220703125
0 0.345703125 0.609375 0.384765625 0.5703125 0.345703125 0.5703125 0.384765625 0.609375
0 0.287109375 0.61328125 0.326171875 0.57421875 0.287109375 0.57421875 0.326171875 0.61328125
0 0.552734375 0.681640625 0.591796875 0.642578125 0.552734375 0.642578125 0.591796875 0.681640625
0 0.162109375 0.123046875 0.201171875 0.083984375 0.162109375 0.083984375 0.201171875 0.123046875
0 0.857421875 0.150390625 0.896484375 0.111328125 0.857421875 0.111328125 0.896484375 0.150390625
0 0.056640625 0.36328125 0.095703125 0.32421875 0.056640625 0.32421875 0.095703125 0.36328125
0 0.703125 0.5703125 0.7421875 0.53125 0.703125 0.53125 0.7421875 0.5703125
0 0.59375 0.748046875 0.6328125 0.708984375 0.59375 0.708984375 0.6328125 0.748046875
0 0.615234375 0.373046875 0.654296875 0.333984375 0.615234375 0.333984375 0.654296875 0.373046875
