0 0.9140625 0.947265625 0.953125 0.908203125 0.9140625 0.908203125 0.953125 0.947265625
0 0.03125 0.673828125 0.0703125 0.634765625 0.03125 0.634765625 0.0703125 0.673828125
0 0.923828125 0.478515625 0.962890625 0.439453125 0.923828125 0.439453125 0.962890625 0.478515625
0 0.345703125 0.23828125 0.384765625 0.19921875 0.345703125 0.19921875 0.384765625 0.23828125
0 0.09765625 0.54296875 0.13671875 0.50390625 0.09765625 0.50390625 0.13671875 0.54296875
0 0.19140625 0.91015625 0.23046875 0.87109375 0.19140625 0.87109375 0.23046875 0.91015625
0 0.927734375 0.123046875 0.966796875 0.083984375 0.927734375 0.083984375 0.966796875 0.123046875
0 0.869140625 0.3046875 0.908203125 0.265625 0.869140625 0.265625 0.908203125 0.3046875
0 0.7890625 0.34375 0.828125 0.3046875 0.7890625 0.3046875 0.828125 0.34375
0 0.8671875 0.583984375 0.90625 0.544921875 0.8671875 0.544921875 0.90625 0.583984375
0 0.34375 0.736328125 0.3828125 0.697265625 0.34375 0.697265625 0.3828125 0.736328125
0 0.37890625 0.615234375 0.41796875 0.576171875 0.37890625 0.576171875 0.41796875 0.615234375
