0 0.267578125 0.705078125 0.306640625 0.666015625 0.267578125 0.666015625 0.306640625 0.705078125
0 0.609375 0.96484375 0.6484375 0.92578125 0.609375 0.92578125 0.6484375 0.96484375
0 0.232421875 0.814453125 0.271484375 0.775390625 0.232421875 0.775390625 0.271484375 0.814453125
0 0.111328125 0.373046875 0.150390625 0.333984375 0.111328125 0.333984375 0.150390625 0.373046875
0 0.6015625 0.3671875 0.640625 0.328125 0.6015625 0.328125 0.640625 0.3671875
0 0.560546875 0.158203125 0.599609375 0.119140625 0.560546875 0.119140625 0.599609375 0.158203125
0 0.44140625 0.26171875 0.48046875 0.22265625 0.44140625 0.22265625 0.48046875 0.26171875
0 0.6796875 0.966796875 0.71875 0.927734375 0.6796875 0.927734375 0.71875 0.966796875
0 0.140625 0.421875 0.1796875 0.3828125 0.140625 0.3828125 0.1796875 0.421875
0 0.193359375 0.216796875 0.232421875 0.177734375 0.193359375 0.177734375 0.232421875 0.216796875
0 0.466796875 0.39453125 0.505859375 0.35546875 0.466796875 0.35546875 0.505859375 0.39453125
0 0.0859375 0.875 0.125 0.8359375 0.0859375 0.8359375 0.125 0.875
0 0.84765625 0.53125 0.88671875 0.4921875 0.84765625 0.4921875 0.88671875 0.53125
0 0.333984375 0.798828125 0.373046875 0.759765625 0.333984375 0.759765625 0.373046875 0.798828125
