0 0.583984375 0.59765625 0.623046875 0.55859375 0.583984375 0.55859375 0.623046875 0.59765625
0 0.5234375 0.6953125 0.5625 0.65625 0.5234375 0.65625 0.5625 0.6953125
0 0.162109375 0.212890625 0.201171875 0.173828125 0.162109375 0.173828125 0.201171875 0.212890625
0 0.453125 0.54296875 0.4921875 0.50390625 0.453125 0.50390625 0.4921875 0.54296875
0 0.875 0.66796875 0.9140625 0.62890625 0.875 0.62890625 0.9140625 0.66796875
0 0.919921875 0.412109375 0.958984375 0.373046875 0.919921875 0.373046875 0.958984375 0.412109375
0 0.427734375 0.568359375 0.466796875 0.529296875 0.427734375 0.529296875 0.466796875 0.568359375
0 0.798828125 0.900390625 0.837890625 0.861328125 0.798828125 0.861328125 0.837890625 0.900390625
0 0.81640625 0.357421875 0.85546875 0.318359375 0.81640625 0.318359375 0.85546875 0.357421875
0 0.498046875 0.095703125 0.537109375 0.056640625 0.498046875 0.056640625 0.537109375 0.095703125
0 0.587890625 0.193359375 0.626953125 0.154296875 0.587890625 0.154296875 0.626953125 0.193359375
