0 0.166015625 0.49609375 0.205078125 0.45703125 0.166015625 0.45703125 0.205078125 0.49609375
0 0.693359375 0.91015625 0.732421875 0.87109375 0.693359375 0.87109375 0.732421875 0.91015625
0 0.1015625 0.3203125 0.140625 0.28125 0.1015625 0.28125 0.140625 0.3203125
0 0.66796875 0.86328125 0.70703125 0.82421875 0.66796875 0.82421875 0.70703125 0.86328125
0 0.1484375 0.091796875 0.1875 0.052734375 0.1484375 0.052734375 0.1875 0.091796875
0 0.216796875 0.541015625 0.255859375 0.501953125 0.216796875 0.501953125 0.255859375 0.541015625
0 0.640625 0.5703125 0.6796875 0.53125 0.640625 0.53125 0.6796875 0.5703125
0 0.193359375 0.55078125 0.232421875 0.51171875 0.193359375 0.51171875 0.232421875 0.55078125
0 0.5 0.2421875 0.5390625 0.203125 0.5 0.203125 0.5390625 0.2421875
0 0.71875 0.619140625 0.7578125 0.580078125 0.71875 0.580078125 0.7578125 0.619140625
0 0.48828125 0.216796875 0.52734375 0.177734375 0.48828125 0.177734375 0.52734375 0.216796875
0 0.544921875 0.318359375 0.583984375 0.279296875 0.544921875 0.279296875 0.583984375 0.318359375
0 0.333984375 0.109375 0.373046875 0.0703125 0.333984375 0.0703125 0.373046875 0.109375
