0 0.875 0.43359375 0.9140625 0.39453125 0.875 0.39453125 0.9140625 0.43359375
0 0.921875 0.8203125 0.9609375 0.78125 0.921875 0.78125 0.9609375 0.8203125
0 0.60546875 0.357421875 0.64453125 0.318359375 0.60546875 0.318359375 0.64453125 0.357421875
0 0.794921875 0.93359375 0.833984375 0.89453125 0.794921875 0.89453125 0.833984375 0.93359375
0 0.81640625 0.849609375 0.85546875 0.810546875 0.81640625 0.810546875 0.85546875 0.849609375
0 0.66015625 0.1171875 0.69921875 0.078125 0.66015625 0.078125 0.69921875 0.1171875
0 0.359375 0.19140625 0.3984375 0.15234375 0.359375 0.15234375 0.3984375 0.19140625
0 0.0625 0.216796875 0.1015625 0.177734375 0.0625 0.177734375 0.1015625 0.216796875
0 0.47265625 0.255859375 0.51171875 0.216796875 0.47265625 0.216796875 0.51171875 0.255859375
0 0.66796875 0.12109375 0.70703125 0.08203125 0.66796875 0.08203125 0.70703125 0.12109375
