0 0.03125 0.548828125 0.0703125 0.509765625 0.03125 0.509765625 0.0703125 0.548828125
0 0.82421875 0.666015625 0.86328125 0.626953125 0.82421875 0.626953125 0.86328125 0.666015625
0 0.708984375 0.517578125 0.748046875 0.478515625 0.708984375 0.478515625 0.748046875 0.517578125
0 0.2734375 0.546875 0.3125 0.5078125 0.2734375 0.5078125 0.3125 0.546875
0 0.9296875 0.548828125 0.96875 0.509765625 0.9296875 0.509765625 0.96875 0.548828125
0 0.216796875 0.41796875 0.255859375 0.37890625 0.216796875 0.37890625 0.255859375 0.41796875
0 0.28125 0.318359375 0.3203125 0.279296875 0.28125 0.279296875 0.3203125 0.318359375
0 0.287109375 0.19921875 0.326171875 0.16015625 0.287109375 0.16015625 0.326171875 0.19921875
0 0.349609375 0.71875 0.388671875 0.6796875 0.349609375 0.6796875 0.388671875 0.71875
0 0.189453125 0.896484375 0.228515625 0.857421875 0.189453125 0.857421875 0.228515625 0.896484375
0 0.169921875 0.353515625 0.208984375 0.314453125 0.169921875 0.314453125 0.208984375 0.353515625
0 0.033203125 0.30078125 0.072265625 0.26171875 0.033203125 0.26171875 0.072265625 0.30078125
0 0.328125 0.552734375 0.3671875 0.513671875 0.328125 0.513671875 0.3671875 0.552734375
0 0.833984375 0.77734375 0.873046875 0.73828125 0.833984375 0.73828125 0.873046875 0.77734375
