0 0.45703125 0.119140625 0.49609375 0.080078125 0.45703125 0.080078125 0.49609375 0.119140625
0 0.130859375 0.404296875 0.169921875 0.365234375 0.130859375 0.365234375 0.169921875 0.404296875
0 0.380859375 0.3828125 0.419921875 0.34375 0.380859375 0.34375 0.419921875 0.3828125
0 0.30078125 0.919921875 0.33984375 0.880859375 0.30078125 0.880859375 0.33984375 0.919921875
0 0.599609375 0.9296875 0.638671875 0.890625 0.599609375 0.890625 0.638671875 0.9296875
0 0.2109375 0.537109375 0.25 0.498046875 0.2109375 0.498046875 0.25 0.537109375
0 0.533203125 0.59765625 0.572265625 0.55859375 0.533203125 0.55859375 0.572265625 0.59765625
0 0.279296875 0.923828125 0.318359375 0.884765625 0.279296875 0.884765625 0.318359375 0.923828125
0 0.837890625 0.544921875 0.876953125 0.505859375 0.837890625 0.505859375 0.876953125 0.544921875
0 0.26171875 0.62109375 0.30078125 0.58203125 0.26171875 0.58203125 0.30078125 0.62109375
0 0.46484375 0.685546875 0.50390625 0.646484375 0.46484375 0.646484375 0.50390625 0.685546875
