0 0.912109375 0.72265625 0.951171875 0.68359375 0.912109375 0.68359375 0.951171875 0.72265625
0 0.810546875 0.619140625 0.849609375 0.580078125 0.810546875 0.580078125 0.849609375 0.619140625
0 0.208984375 0.26171875 0.248046875 0.22265625 0.208984375 0.22265625 0.248046875 0.26171875
0 0.11328125 0.873046875 0.15234375 0.833984375 0.11328125 0.833984375 0.15234375 0.873046875
0 0.55078125 0.20703125 0.58984375 0.16796875 0.55078125 0.16796875 0.58984375 0.20703125
0 0.080078125 0.4296875 0.119140625 0.390625 0.080078125 0.390625 0.119140625 0.4296875
0 0.369140625 0.125 0.408203125 0.0859375 0.369140625 0.0859375 0.408203125 0.125
0 0.744140625 0.15234375 0.783203125 0.11328125 0.744140625 0.11328125 0.783203125 0.15234375
0 0.19140625 0.78515625 0.23046875 0.74609375 0.19140625 0.74609375 0.23046875 0.78515625
0 0.291015625 0.453125 0.330078125 0.4140625 0.291015625 0.4140625 0.330078125 0.453125
0 0.16796875 0.7734375 0.20703125 0.734375 0.16796875 0.734375 0.20703125 0.7734375
0 0.126953125 0.626953125 0.166015625 0.587890625 0.126953125 0.587890625 0.166015625 0.626953125
0 0.736328125 0.134765625 0.775390625 0.095703125 0.736328125 0.095703125 0.775390625 0.134765625
