0 0.330078125 0.68359375 0.369140625 0.64453125 0.330078125 0.64453125 0.369140625 0.68359375
0 0.109375 0.962890625 0.1484375 0.923828125 0.109375 0.923828125 0.1484375 0.962890625
0 0.279296875 0.73046875 0.318359375 0.69140625 0.279296875 0.69140625 0.318359375 0.73046875
0 0.62890625 0.78515625 0.66796875 0.74609375 0.62890625 0.74609375 0.66796875 0.78515625
0 0.4296875 0.94921875 0.46875 0.91015625 0.4296875 0.91015625 0.46875 0.94921875
0 0.787109375 0.966796875 0.826171875 0.927734375 0.787109375 0.927734375 0.826171875 0.966796875
0 0.44140625 0.4609375 0.48046875 0.421875 0.44140625 0.421875 0.48046875 0.4609375
0 0.3515625 0.841796875 0.390625 0.802734375 0.3515625 0.802734375 0.390625 0.841796875
0 0.603515625 0.8046875 0.642578125 0.765625 0.603515625 0.765625 0.642578125 0.8046875
0 0.462890625 0.10546875 0.501953125 0.06640625 0.462890625 0.06640625 0.501953125 0.10546875
0 0.76171875 0.744140625 0.80078125 0.705078125 0.76171875 0.705078125 0.80078125 0.744140625
0 0.388671875 0.90625 0.427734375 0.8671875 0.388671875 0.8671875 0.427734375 0.90625
0 0.595703125 0.71484375 0.634765625 0.67578125 0.595703125 0.67578125 0.634765625 0.71484375
