0 0.69140625 0.4140625 0.73046875 0.375 0.69140625 0.375 0.73046875 0.4140625
0 0.802734375 0.47265625 0.841796875 0.43359375 0.802734375 0.43359375 0.841796875 0.47265625
0 0.4296875 0.705078125 0.46875 0.666015625 0.4296875 0.666015625 0.46875 0.705078125
0 0.482421875 0.083984375 0.521484375 0.044921875 0.482421875 0.044921875 0.521484375 0.083984375
0 0.64453125 0.849609375 0.68359375 0.810546875 0.64453125 0.810546875 0.68359375 0.849609375
0 0.453125 0.07421875 0.4921875 0.03515625 0.453125 0.03515625 0.4921875 0.07421875
0 0.4765625 0.24609375 0.515625 0.20703125 0.4765625 0.20703125 0.515625 0.24609375
0 0.5 0.7890625 0.5390625 0.75 0.5 0.75 0.5390625 0.7890625
0 0.623046875 0.515625 0.662109375 0.4765625 0.623046875 0.4765625 0.662109375 0.515625
0 0.16796875 0.5 0.20703125 0.4609375 0.16796875 0.4609375 0.20703125 0.5
0 0.3828125 0.083984375 0.421875 0.044921875 0.3828125 0.044921875 0.421875 0.083984375
