0 0.478515625 0.314453125 0.517578125 0.275390625 0.478515625 0.275390625 0.517578125 0.314453125
0 0.130859375 0.341796875 0.169921875 0.302734375 0.130859375 0.302734375 0.169921875 0.341796875
0 0.38671875 0.609375 0.42578125 0.5703125 0.38671875 0.5703125 0.42578125 0.609375
0 0.79296875 0.5 0.83203125 0.4609375 0.79296875 0.4609375 0.83203125 0.5
0 0.763671875 0.638671875 0.802734375 0.599609375 0.763671875 0.599609375 0.802734375 0.638671875
0 0.23046875 0.15625 0.26953125 0.1171875 0.23046875 0.1171875 0.26953125 0.15625
0 0.150390625 0.1640625 0.189453125 0.125 0.150390625 0.125 0.189453125 0.1640625
0 0.92578125 0.865234375 0.96484375 0.826171875 0.92578125 0.826171875 0.96484375 0.865234375
0 0.8515625 0.884765625 0.890625 0.845703125 0.8515625 0.845703125 0.890625 0.884765625
0 0.41796875 0.830078125 0.45703125 0.791015625 0.41796875 0.791015625 0.45703125 0.830078125
