0 0.79296875 0.61328125 0.83203125 0.57421875 0.79296875 0.57421875 0.83203125 0.61328125
0 0.802734375 0.4375 0.841796875 0.3984375 0.802734375 0.3984375 0.841796875 0.4375
0 0.80078125 0.65234375 0.83984375 0.61328125 0.80078125 0.61328125 0.83984375 0.65234375
0 0.376953125 0.642578125 0.416015625 0.603515625 0.376953125 0.603515625 0.416015625 0.642578125
0 0.55078125 0.322265625 0.58984375 0.283203125 0.55078125 0.283203125 0.58984375 0.322265625
0 0.302734375 0.564453125 0.341796875 0.525390625 0.302734375 0.525390625 0.341796875 0.564453125
0 0.8828125 0.470703125 0.921875 0.431640625 0.8828125 0.431640625 0.921875 0.470703125
0 0.607421875 0.46875 0.646484375 0.4296875 0.607421875 0.4296875 0.646484375 0.46875
0 0.28515625 0.322265625 0.32421875 0.283203125 0.28515625 0.283203125 0.32421875 0.322265625
0 0.478515625 0.123046875 0.517578125 0.083984375 0.478515625 0.083984375 0.517578125 0.123046875
