0 0.759765625 0.177734375 0.798828125 0.138671875 0.759765625 0.138671875 0.798828125 0.177734375
0 0.435546875 0.8515625 0.474609375 0.8125 0.435546875 0.8125 0.474609375 0.8515625
0 0.794921875 0.123046875 0.833984375 0.083984375 0.794921875 0.083984375 0.833984375 0.123046875
0 0.099609375 0.138671875 0.138671875 0.099609375 0.099609375 0.099609375 0.138671875 0.138671875
0 0.037109375 0.705078125 0.076171875 0.666015625 0.037109375 0.666015625 0.076171875 0.705078125
0 0.337890625 0.796875 0.376953125 0.7578125 0.337890625 0.7578125 0.376953125 0.796875
0 0.0390625 0.830078125 0.078125 0.791015625 0.0390625 0.791015625 0.078125 0.830078125
0 0.853515625 0.197265625 0.892578125 0.158203125 0.853515625 0.158203125 0.892578125 0.197265625
0 0.42578125 0.5625 0.46484375 0.5234375 0.42578125 0.5234375 0.46484375 0.5625
0 0.453125 0.505859375 0.4921875 0.466796875 0.453125 0.466796875 0.4921875 0.505859375
0 0.876953125 0.82421875 0.916015625 0.78515625 0.876953125 0.78515625 0.916015625 0.82421875
0 0.693359375 0.703125 0.732421875 0.6640625 0.693359375 0.6640625 0.732421875 0.703125
