0 0.373046875 0.568359375 0.412109375 0.529296875 0.373046875 0.529296875 0.412109375 0.568359375
0 0.47265625 0.42578125 0.51171875 0.38671875 0.47265625 0.38671875 0.51171875 0.42578125
0 0.732421875 0.095703125 0.771484375 0.056640625 0.732421875 0.056640625 0.771484375 0.095703125
0 0.310546875 0.2265625 0.349609375 0.1875 0.310546875 0.1875 0.349609375 0.2265625
0 0.806640625 0.91796875 0.845703125 0.87890625 0.806640625 0.87890625 0.845703125 0.91796875
0 0.439453125 0.955078125 0.478515625 0.916015625 0.439453125 0.916015625 0.478515625 0.955078125
0 0.69921875 0.666015625 0.73828125 0.626953125 0.69921875 0.626953125 0.73828125 0.666015625
0 0.6796875 0.462890625 0.71875 0.423828125 0.6796875 0.423828125 0.71875 0.462890625
0 0.201171875 0.35546875 0.240234375 0.31640625 0.201171875 0.31640625 0.240234375 0.35546875
0 0.4609375 0.912109375 0.5 0.873046875 0.4609375 0.873046875 0.5 0.912109375
0 0.685546875 0.576171875 0.724609375 0.537109375 0.685546875 0.537109375 0.724609375 0.576171875
0 0.76171875 0.193359375 0.80078125 0.154296875 0.76171875 0.154296875 0.80078125 0.193359375
0 0.146484375 0.541015625 0.185546875 0.501953125 0.146484375 0.501953125 0.185546875 0.541015625
0 0.84375 0.083984375 0.8828125 0.044921875 0.84375 0.044921875 0.8828125 0.083984375
