0 0.8515625 0.26171875 0.890625 0.22265625 0.8515625 0.22265625 0.890625 0.26171875
0 0.115234375 0.318359375 0.154296875 0.279296875 0.115234375 0.279296875 0.154296875 0.318359375
0 0.39453125 0.666015625 0.43359375 0.626953125 0.39453125 0.626953125 0.43359375 0.666015625
0 0.798828125 0.669921875 0.837890625 0.630859375 0.798828125 0.630859375 0.837890625 0.669921875
0 0.3125 0.609375 0.3515625 0.5703125 0.3125 0.5703125 0.3515625 0.609375
0 0.76171875 0.59765625 0.80078125 0.55859375 0.76171875 0.55859375 0.80078125 0.59765625
0 0.302734375 0.78125 0.341796875 0.7421875 0.302734375 0.7421875 0.341796875 0.78125
0 0.509765625 0.615234375 0.548828125 0.576171875 0.509765625 0.576171875 0.548828125 0.615234375
0 0.60546875 0.5625 0.64453125 0.5234375 0.60546875 0.5234375 0.64453125 0.5625
0 0.806640625 0.234375 0.845703125 0.1953125 0.806640625 0.1953125 0.845703125 0.234375
0 0.787109375 0.736328125 0.826171875 0.697265625 0.787109375 0.697265625 0.826171875 0.736328125
0 0.05859375 0.849609375 0.09765625 0.810546875 0.05859375 0.810546875 0.09765625 0.849609375
0 0.505859375 0.197265625 0.544921875 0.158203125 0.505859375 0.158203125 0.544921875 0.197265625
0 0.212890625 0.857421875 0.251953125 0.818359375 0.212890625 0.818359375 0.251953125 0.857421875
