0 0.734375 0.19921875 0.7734375 0.16015625 0.734375 0.16015625 0.7734375 0.19921875
0 0.04296875 0.826171875 0.08203125 0.787109375 0.04296875 0.787109375 0.08203125 0.826171875
0 0.16015625 0.82421875 0.19921875 0.78515625 0.16015625 0.78515625 0.19921875 0.82421875
0 0.439453125 0.947265625 0.478515625 0.908203125 0.439453125 0.908203125 0.478515625 0.947265625
0 0.43359375 0.419921875 0.47265625 0.380859375 0.43359375 0.380859375 0.47265625 0.419921875
0 0.064453125 0.787109375 0.103515625 0.748046875 0.064453125 0.748046875 0.103515625 0.787109375
0 0.396484375 0.83203125 0.435546875 0.79296875 0.396484375 0.79296875 0.435546875 0.83203125
0 0.3046875 0.953125 0.34375 0.9140625 0.3046875 0.9140625 0.34375 0.953125
0 0.208984375 0.783203125 0.248046875 0.744140625 0.208984375 0.744140625 0.248046875 0.783203125
0 0.423828125 0.244140625 0.462890625 0.205078125 0.423828125 0.205078125 0.462890625 0.244140625
0 0.484375 0.416015625 0.5234375 0.376953125 0.484375 0.376953125 0.5234375 0.416015625
