0 0.21484375 0.142578125 0.25390625 0.103515625 0.21484375 0.103515625 0.25390625 0.142578125
0 0.08203125 0.7890625 0.12109375 0.75 0.08203125 0.75 0.12109375 0.7890625
0 0.7265625 0.1328125 0.765625 0.09375 0.7265625 0.09375 0.765625 0.1328125
0 0.564453125 0.490234375 0.603515625 0.451171875 0.564453125 0.451171875 0.603515625 0.490234375
0 0.033203125 0.572265625 0.072265625 0.533203125 0.033203125 0.533203125 0.072265625 0.572265625
0 0.0546875 0.591796875 0.09375 0.552734375 0.0546875 0.552734375 0.09375 0.591796875
0 0.24609375 0.318359375 0.28515625 0.279296875 0.24609375 0.279296875 0.28515625 0.318359375
0 0.765625 0.537109375 0.8046875 0.498046875 0.765625 0.498046875 0.8046875 0.537109375
0 0.56640625 0.919921875 0.60546875 0.880859375 0.56640625 0.880859375 0.60546875 0.919921875
0 0.529296875 0.943359375 0.568359375 0.904296875 0.529296875 0.904296875 0.568359375 0.943359375
0 0.623046875 0.32421875 0.662109375 0.28515625 0.623046875 0.28515625 0.662109375 0.32421875
0 0.109375 0.373046875 0.1484375 0.333984375 0.109375 0.333984375 0.1484375 0.373046875
0 0.3359375 0.275390625 0.375 0.236328125 0.3359375 0.236328125 0.375 0.275390625
0 0.892578125 0.8359375 0.931640625 0.796875 0.892578125 0.796875 0.931640625 0.8359375
