0 0.607421875 0.728515625 0.646484375 0.689453125 0.607421875 0.689453125 0.646484375 0.728515625
0 0.599609375 0.09765625 0.638671875 0.05859375 0.599609375 0.05859375 0.638671875 0.09765625
0 0.232421875 0.74609375 0.271484375 0.70703125 0.232421875 0.70703125 0.271484375 0.74609375
0 0.39453125 0.1171875 0.43359375 0.078125 0.39453125 0.078125 0.43359375 0.1171875
0 0.7265625 0.30078125 0.765625 0.26171875 0.7265625 0.26171875 0.765625 0.30078125
0 0.076171875 0.8828125 0.115234375 0.84375 0.076171875 0.84375 0.115234375 0.8828125
0 0.328125 0.14453125 0.3671875 0.10546875 0.328125 0.10546875 0.3671875 0.14453125
0 0.310546875 0.9296875 0.349609375 0.890625 0.310546875 0.890625 0.349609375 0.9296875
0 0.283203125 0.119140625 0.322265625 0.080078125 0.283203125 0.080078125 0.322265625 0.119140625
0 0.384765625 0.263671875 0.423828125 0.224609375 0.384765625 0.224609375 0.423828125 0.263671875
0 0.66015625 0.5390625 0.69921875 0.5 0.66015625 0.5 0.69921875 0.5390625
0 0.89453125 0.927734375 0.93359375 0.888671875 0.89453125 0.888671875 0.93359375 0.927734375
0 0.3046875 0.421875 0.34375 0.3828125 0.3046875 0.3828125 0.34375 0.421875
