0 0.296875 0.91796875 0.3359375 0.87890625 0.296875 0.87890625 0.3359375 0.91796875
0 0.46875 0.4765625 0.5078125 0.4375 0.46875 0.4375 0.5078125 0.4765625
0 0.4765625 0.37890625 0.515625 0.33984375 0.4765625 0.33984375 0.515625 0.37890625
0 0.716796875 0.791015625 0.755859375 0.751953125 0.716796875 0.751953125 0.755859375 0.791015625
0 0.5078125 0.8984375 0.546875 0.859375 0.5078125 0.859375 0.546875 0.8984375
0 0.458984375 0.23828125 0.498046875 0.19921875 0.458984375 0.19921875 0.498046875 0.23828125
0 0.177734375 0.779296875 0.216796875 0.740234375 0.177734375 0.740234375 0.216796875 0.779296875
0 0.07421875 0.6640625 0.11328125 0.625 0.07421875 0.625 0.11328125 0.6640625
0 0.18359375 0.4765625 0.22265625 0.4375 0.18359375 0.4375 0.22265625 0.4765625
0 0.5859375 0.41015625 0.625 0.37109375 0.5859375 0.37109375 0.625 0.41015625
0 0.705078125 0.880859375 0.744140625 0.841796875 0.705078125 0.841796875 0.744140625 0.880859375
0 0.61328125 0.556640625 0.65234375 0.517578125 0.61328125 0.517578125 0.65234375 0.556640625
