0 0.763671875 0.359375 0.802734375 0.3203125 0.763671875 0.3203125 0.802734375 0.359375
0 0.37109375 0.697265625 0.41015625 0.658203125 0.37109375 0.658203125 0.41015625 0.697265625
0 0.751953125 0.94921875 0.791015625 0.91015625 0.751953125 0.91015625 0.791015625 0.94921875
0 0.380859375 0.81640625 0.419921875 0.77734375 0.380859375 0.77734375 0.419921875 0.81640625
0 0.474609375 0.533203125 0.513671875 0.494140625 0.474609375 0.494140625 0.513671875 0.533203125
0 0.6015625 0.869140625 0.640625 0.830078125 0.6015625 0.830078125 0.640625 0.869140625
0 0.14453125 0.642578125 0.18359375 0.603515625 0.14453125 0.603515625 0.18359375 0.642578125
0 0.349609375 0.81640625 0.388671875 0.77734375 0.349609375 0.77734375 0.388671875 0.81640625
0 0.294921875 0.783203125 0.333984375 0.744140625 0.294921875 0.744140625 0.333984375 0.783203125
0 0.619140625 0.623046875 0.658203125 0.583984375 0.619140625 0.583984375 0.658203125 0.623046875
0 0.51171875 0.4453125 0.55078125 0.40625 0.51171875 0.40625 0.55078125 0.4453125
0 0.91015625 0.580078125 0.94921875 0.541015625 0.91015625 0.541015625 0.94921875 0.580078125
