0 0.568359375 0.5234375 0.607421875 0.484375 0.568359375 0.484375 0.607421875 0.5234375
0 0.8984375 0.54296875 0.9375 0.50390625 0.8984375 0.50390625 0.9375 0.54296875
0 0.76171875 0.517578125 0.80078125 0.478515625 0.76171875 0.478515625 0.80078125 0.517578125
0 0.75390625 0.748046875 0.79296875 0.708984375 0.75390625 0.708984375 0.79296875 0.748046875
0 0.677734375 0.146484375 0.716796875 0.107421875 0.677734375 0.107421875 0.716796875 0.146484375
0 0.806640625 0.4921875 0.845703125 0.453125 0.806640625 0.453125 0.845703125 0.4921875
0 0.599609375 0.1796875 0.638671875 0.140625 0.599609375 0.140625 0.638671875 0.1796875
0 0.037109375 0.48046875 0.076171875 0.44140625 0.037109375 0.44140625 0.076171875 0.48046875
0 0.62109375 0.92578125 0.66015625 0.88671875 0.62109375 0.88671875 0.66015625 0.92578125
0 0.134765625 0.6015625 0.173828125 0.5625 0.134765625 0.5625 0.173828125 0.6015625
