0 0.826171875 0.580078125 0.865234375 0.541015625 0.826171875 0.541015625 0.865234375 0.580078125
0 0.806640625 0.1953125 0.845703125 0.15625 0.806640625 0.15625 0.845703125 0.1953125
0 0.46484375 0.28125 0.50390625 0.2421875 0.46484375 0.2421875 0.50390625 0.28125
0 0.15625 0.54296875 0.1953125 0.50390625 0.15625 0.50390625 0.1953125 0.54296875
0 0.38671875 0.478515625 0.42578125 0.439453125 0.38671875 0.439453125 0.42578125 0.478515625
0 0.064453125 0.955078125 0.103515625 0.916015625 0.064453125 0.916015625 0.103515625 0.955078125
0 0.3984375 0.166015625 0.4375 0.126953125 0.3984375 0.126953125 0.4375 0.166015625
0 0.1796875 0.23046875 0.21875 0.19140625 0.1796875 0.19140625 0.21875 0.23046875
0 0.41796875 0.779296875 0.45703125 0.740234375 0.41796875 0.740234375 0.45703125 0.779296875
0 0.904296875 0.37109375 0.943359375 0.33203125 0.904296875 0.33203125 0.943359375 0.37109375
0 0.474609375 0.5703125 0.513671875 0.53125 0.474609375 0.53125 0.513671875 0.5703125
0 0.111328125 0.712890625 0.150390625 0.673828125 0.111328125 0.673828125 0.150390625 0.712890625
0 0.189453125 0.341796875 0.228515625 0.302734375 0.189453125 0.302734375 0.228515625 0.341796875
0 0.833984375 0.841796875 0.873046875 0.802734375 0.833984375 0.802734375 0.873046875 0.841796875
