0 0.4296875 0.150390625 0.46875 0.111328125 0.4296875 0.111328125 0.46875 0.150390625
0 0.625 0.77734375 0.6640625 0.73828125 0.625 0.73828125 0.6640625 0.77734375
0 0.67578125 0.703125 0.71484375 0.6640625 0.67578125 0.6640625 0.71484375 0.703125
0 0.150390625 0.35546875 0.189453125 0.31640625 0.150390625 0.31640625 0.189453125 0.35546875
0 0.154296875 0.10546875 0.193359375 0.06640625 0.154296875 0.06640625 0.193359375 0.10546875
0 0.646484375 0.78515625 0.685546875 0.74609375 0.646484375 0.74609375 0.685546875 0.78515625
0 0.662109375 0.12109375 0.701171875 0.08203125 0.662109375 0.08203125 0.701171875 0.12109375
0 0.318359375 0.45703125 0.357421875 0.41796875 0.318359375 0.41796875 0.357421875 0.45703125
0 0.3125 0.69921875 0.3515625 0.66015625 0.3125 0.66015625 0.3515625 0.69921875
0 0.107421875 0.833984375 0.146484375 0.794921875 0.107421875 0.794921875 0.146484375 0.833984375
