0 0.103515625 0.265625 0.142578125 0.2265625 0.103515625 0.2265625 0.142578125 0.265625
0 0.84765625 0.740234375 0.88671875 0.701171875 0.84765625 0.701171875 0.88671875 0.740234375
0 0.533203125 0.619140625 0.572265625 0.580078125 0.533203125 0.580078125 0.572265625 0.619140625
0 0.416015625 0.375 0.455078125 0.3359375 0.416015625 0.3359375 0.455078125 0.375
0 0.48046875 0.814453125 0.51953125 0.775390625 0.48046875 0.775390625 0.51953125 0.814453125
0 0.087890625 0.623046875 0.126953125 0.583984375 0.087890625 0.583984375 0.126953125 0.623046875
0 0.34765625 0.14453125 0.38671875 0.10546875 0.34765625 0.10546875 0.38671875 0.14453125
0 0.70703125 0.6875 0.74609375 0.6484375 0.70703125 0.6484375 0.74609375 0.6875
0 0.5703125 0.3046875 0.609375 0.265625 0.5703125 0.265625 0.609375 0.3046875
0 0.9140625 0.4375 0.953125 0.3984375 0.9140625 0.3984375 0.953125 0.4375
0 0.361328125 0.177734375 0.400390625 0.138671875 0.361328125 0.138671875 0.400390625 0.177734375
0 0.669921875 0.783203125 0.708984375 0.744140625 0.669921875 0.744140625 0.708984375 0.783203125
0 0.6875 0.78125 0.7265625 0.7421875 0.6875 0.7421875 0.7265625 0.78125
0 0.34375 0.693359375 0.3828125 0.654296875 0.34375 0.654296875 0.3828125 0.693359375
