0 0.369140625 0.4609375 0.408203125 0.421875 0.369140625 0.421875 0.408203125 0.4609375
0 0.072265625 0.6796875 0.111328125 0.640625 0.072265625 0.640625 0.111328125 0.6796875
0 0.1328125 0.37890625 0.171875 0.33984375 0.1328125 0.33984375 0.171875 0.37890625
0 0.650390625 0.9453125 0.689453125 0.90625 0.650390625 0.90625 0.689453125 0.9453125
0 0.6171875 0.298828125 0.65625 0.259765625 0.6171875 0.259765625 0.65625 0.298828125
0 0.416015625 0.716796875 0.455078125 0.677734375 0.416015625 0.677734375 0.455078125 0.716796875
0 0.205078125 0.552734375 0.244140625 0.513671875 0.205078125 0.513671875 0.244140625 0.552734375
0 0.86328125 0.251953125 0.90234375 0.212890625 0.86328125 0.212890625 0.90234375 0.251953125
0 0.2109375 0.41796875 0.25 0.37890625 0.2109375 0.37890625 0.25 0.41796875
0 0.220703125 0.123046875 0.259765625 0.083984375 0.220703125 0.083984375 0.259765625 0.123046875
