0 0.775390625 0.34375 0.814453125 0.3046875 0.775390625 0.3046875 0.814453125 0.34375
0 0.66796875 0.5546875 0.70703125 0.515625 0.66796875 0.515625 0.70703125 0.5546875
0 0.548828125 0.623046875 0.587890625 0.583984375 0.548828125 0.583984375 0.587890625 0.623046875
0 0.123046875 0.35546875 0.162109375 0.31640625 0.123046875 0.31640625 0.162109375 0.35546875
0 0.91796875 0.521484375 0.95703125 0.482421875 0.91796875 0.482421875 0.95703125 0.521484375
0 0.642578125 0.58203125 0.681640625 0.54296875 0.642578125 0.54296875 0.681640625 0.58203125
0 0.9296875 0.1640625 0.96875 0.125 0.9296875 0.125 0.96875 0.1640625
0 0.119140625 0.94140625 0.158203125 0.90234375 0.119140625 0.90234375 0.158203125 0.94140625
0 0.544921875 0.583984375 0.583984375 0.544921875 0.544921875 0.544921875 0.583984375 0.583984375
0 0.4921875 0.333984375 0.53125 0.294921875 0.4921875 0.294921875 0.53125 0.333984375
0 0.091796875 0.294921875 0.130859375 0.255859375 0.091796875 0.255859375 0.130859375 0.294921875
0 0.6484375 0.4453125 0.6875 0.40625 0.6484375 0.40625 0.6875 0.4453125
0 0.291015625 0.666015625 0.330078125 0.626953125 0.291015625 0.626953125 0.330078125 0.666015625
0 0.310546875 0.138671875 0.349609375 0.099609375 0.310546875 0.099609375 0.349609375 0.138671875
