0 0.40625 0.55859375 0.4453125 0.51953125 0.40625 0.51953125 0.4453125 0.55859375
0 0.64453125 0.654296875 0.68359375 0.615234375 0.64453125 0.615234375 0.68359375 0.654296875
0 0.87890625 0.8046875 0.91796875 0.765625 0.87890625 0.765625 0.91796875 0.8046875
0 0.0703125 0.7734375 0.109375 0.734375 0.0703125 0.734375 0.109375 0.7734375
0 0.47265625 0.708984375 0.51171875 0.669921875 0.47265625 0.669921875 0.51171875 0.708984375
0 0.796875 0.28125 0.8359375 0.2421875 0.796875 0.2421875 0.8359375 0.28125
0 0.376953125 0.490234375 0.416015625 0.451171875 0.376953125 0.451171875 0.416015625 0.490234375
0 0.783203125 0.40625 0.822265625 0.3671875 0.783203125 0.3671875 0.822265625 0.40625
0 0.0625 0.138671875 0.1015625 0.099609375 0.0625 0.099609375 0.1015625 0.138671875
0 0.609375 0.943359375 0.6484375 0.904296875 0.609375 0.904296875 0.6484375 0.943359375
