0 0.44140625 0.478515625 0.48046875 0.439453125 0.44140625 0.439453125 0.48046875 0.478515625
0 0.806640625 0.96875 0.845703125 0.9296875 0.806640625 0.9296875 0.845703125 0.96875
0 0.27734375 0.744140625 0.31640625 0.705078125 0.27734375 0.705078125 0.31640625 0.744140625
0 0.744140625 0.17578125 0.783203125 0.13671875 0.744140625 0.13671875 0.783203125 0.17578125
0 0.271484375 0.673828125 0.310546875 0.634765625 0.271484375 0.634765625 0.310546875 0.673828125
0 0.83984375 0.86328125 0.87890625 0.82421875 0.83984375 0.82421875 0.87890625 0.86328125
0 0.625 0.65234375 0.6640625 0.61328125 0.625 0.61328125 0.6640625 0.65234375
0 0.904296875 0.9453125 0.943359375 0.90625 0.904296875 0.90625 0.943359375 0.9453125
0 0.736328125 0.90625 0.775390625 0.8671875 0.736328125 0.8671875 0.775390625 0.90625
0 0.25390625 0.90234375 0.29296875 0.86328125 0.25390625 0.86328125 0.29296875 0.90234375
0 0.494140625 0.15625 0.533203125 0.1171875 0.494140625 0.1171875 0.533203125 0.15625
