0 0.5625 0.681640625 0.6015625 0.642578125 0.5625 0.642578125 0.6015625 0.681640625
0 0.578125 0.302734375 0.6171875 0.263671875 0.578125 0.263671875 0.6171875 0.302734375
0 0.306640625 0.5 0.345703125 0.4609375 0.306640625 0.4609375 0.345703125 0.5
0 0.265625 0.71484375 0.3046875 0.67578125 0.265625 0.67578125 0.3046875 0.71484375
0 0.12890625 0.251953125 0.16796875 0.212890625 0.12890625 0.212890625 0.16796875 0.251953125
0 0.0625 0.123046875 0.1015625 0.083984375 0.0625 0.083984375 0.1015625 0.123046875
0 0.755859375 0.728515625 0.794921875 0.689453125 0.755859375 0.689453125 0.794921875 0.728515625
0 0.6328125 0.330078125 0.671875 0.291015625 0.6328125 0.291015625 0.671875 0.330078125
0 0.41015625 0.6484375 0.44921875 0.609375 0.41015625 0.609375 0.44921875 0.6484375
0 0.884765625 0.609375 0.923828125 0.5703125 0.884765625 0.5703125 0.923828125 0.609375
0 0.66796875 0.533203125 0.70703125 0.494140625 0.66796875 0.494140625 0.70703125 0.533203125
0 0.240234375 0.1953125 0.279296875 0.15625 0.240234375 0.15625 0.279296875 0.1953125
0 0.548828125 0.443359375 0.587890625 0.404296875 0.548828125 0.404296875 0.587890625 0.443359375
