0 0.1015625 0.912109375 0.140625 0.873046875 0.1015625 0.873046875 0.140625 0.912109375
0 0.640625 0.380859375 0.6796875 0.341796875 0.640625 0.341796875 0.6796875 0.380859375
0 0.513671875 0.67578125 0.552734375 0.63671875 0.513671875 0.63671875 0.552734375 0.67578125
0 0.53515625 0.169921875 0.57421875 0.130859375 0.53515625 0.130859375 0.57421875 0.169921875
0 0.755859375 0.15625 0.794921875 0.1171875 0.755859375 0.1171875 0.794921875 0.15625
0 0.537109375 0.31640625 0.576171875 0.27734375 0.537109375 0.27734375 0.576171875 0.31640625
0 0.5703125 0.623046875 0.609375 0.583984375 0.5703125 0.583984375 0.609375 0.623046875
0 0.498046875 0.478515625 0.537109375 0.439453125 0.498046875 0.439453125 0.537109375 0.478515625
0 0.25390625 0.583984375 0.29296875 0.544921875 0.25390625 0.544921875 0.29296875 0.583984375
0 0.41796875 0.349609375 0.45703125 0.310546875 0.41796875 0.310546875 0.45703125 0.349609375
