0 0.36328125 0.478515625 0.40234375 0.439453125 0.36328125 0.439453125 0.40234375 0.478515625
0 0.470703125 0.41015625 0.509765625 0.37109375 0.470703125 0.37109375 0.509765625 0.41015625
0 0.4765625 0.67578125 0.515625 0.63671875 0.4765625 0.63671875 0.515625 0.67578125
0 0.037109375 0.615234375 0.076171875 0.576171875 0.037109375 0.576171875 0.076171875 0.615234375
0 0.669921875 0.68359375 0.708984375 0.64453125 0.669921875 0.64453125 0.708984375 0.68359375
0 0.419921875 0.107421875 0.458984375 0.068359375 0.419921875 0.068359375 0.458984375 0.107421875
0 0.33203125 0.48046875 0.37109375 0.44140625 0.33203125 0.44140625 0.37109375 0.48046875
0 0.671875 0.736328125 0.7109375 0.697265625 0.671875 0.697265625 0.7109375 0.736328125
0 0.705078125 0.41796875 0.744140625 0.37890625 0.705078125 0.37890625 0.744140625 0.41796875
0 0.6328125 0.21484375 0.671875 0.17578125 0.6328125 0.17578125 0.671875 0.21484375
0 0.5625 0.1171875 0.6015625 0.078125 0.5625 0.078125 0.6015625 0.1171875
0 0.71484375 0.8828125 0.75390625 0.84375 0.71484375 0.84375 0.75390625 0.8828125
0 0.61328125 0.638671875 0.65234375 0.599609375 0.61328125 0.599609375 0.65234375 0.638671875
