0 0.603515625 0.947265625 0.642578125 0.908203125 0.603515625 0.908203125 0.642578125 0.947265625
0 0.642578125 0.244140625 0.681640625 0.205078125 0.642578125 0.205078125 0.681640625 0.244140625
0 0.720703125 0.673828125 0.759765625 0.634765625 0.720703125 0.634765625 0.759765625 0.673828125
0 0.28125 0.091796875 0.3203125 0.052734375 0.28125 0.052734375 0.3203125 0.091796875
0 0.212890625 0.546875 0.251953125 0.5078125 0.212890625 0.5078125 0.251953125 0.546875
0 0.28515625 0.146484375 0.32421875 0.107421875 0.28515625 0.107421875 0.32421875 0.146484375
0 0.091796875 0.7109375 0.130859375 0.671875 0.091796875 0.671875 0.130859375 0.7109375
0 0.39453125 0.7578125 0.43359375 0.71875 0.39453125 0.71875 0.43359375 0.7578125
0 0.1640625 0.95703125 0.203125 0.91796875 0.1640625 0.91796875 0.203125 0.95703125
0 0.5703125 0.26171875 0.609375 0.22265625 0.5703125 0.22265625 0.609375 0.26171875
0 0.408203125 0.310546875 0.447265625 0.271484375 0.408203125 0.271484375 0.447265625 0.310546875
0 0.685546875 0.4140625 0.724609375 0.375 0.685546875 0.375 0.724609375 0.4140625
0 0.19140625 0.40625 0.23046875 0.3671875 0.19140625 0.3671875 0.23046875 0.40625
