0 0.091796875 0.51171875 0.130859375 0.47265625 0.091796875 0.47265625 0.130859375 0.51171875
0 0.59375 0.8203125 0.6328125 0.78125 0.59375 0.78125 0.6328125 0.8203125
0 0.189453125 0.875 0.228515625 0.8359375 0.189453125 0.8359375 0.228515625 0.875
0 0.412109375 0.232421875 0.451171875 0.193359375 0.412109375 0.193359375 0.451171875 0.232421875
0 0.5 0.5234375 0.5390625 0.484375 0.5 0.484375 0.5390625 0.5234375
0 0.306640625 0.17578125 0.345703125 0.13671875 0.306640625 0.13671875 0.345703125 0.17578125
0 0.775390625 0.404296875 0.814453125 0.365234375 0.775390625 0.365234375 0.814453125 0.404296875
0 0.1796875 0.134765625 0.21875 0.095703125 0.1796875 0.095703125 0.21875 0.134765625
0 0.328125 0.716796875 0.3671875 0.677734375 0.328125 0.677734375 0.3671875 0.716796875
0 0.814453125 0.181640625 0.853515625 0.142578125 0.814453125 0.142578125 0.853515625 0.181640625
0 0.802734375 0.7421875 0.841796875 0.703125 0.802734375 0.703125 0.841796875 0.7421875
0 0.865234375 0.5 0.904296875 0.4609375 0.865234375 0.4609375 0.904296875 0.5
