0 0.470703125 0.466796875 0.509765625 0.427734375 0.470703125 0.427734375 0.509765625 0.466796875
0 0.677734375 0.921875 0.716796875 0.8828125 0.677734375 0.8828125 0.716796875 0.921875
0 0.294921875 0.142578125 0.333984375 0.103515625 0.294921875 0.103515625 0.333984375 0.142578125
0 0.55078125 0.673828125 0.58984375 0.634765625 0.55078125 0.634765625 0.58984375 0.673828125
0 0.361328125 0.541015625 0.400390625 0.501953125 0.361328125 0.501953125 0.400390625 0.541015625
0 0.787109375 0.34765625 0.826171875 0.30859375 0.787109375 0.30859375 0.826171875 0.34765625
0 0.369140625 0.7109375 0.408203125 0.671875 0.369140625 0.671875 0.408203125 0.7109375
0 0.708984375 0.470703125 0.748046875 0.431640625 0.708984375 0.431640625 0.748046875 0.470703125
0 0.578125 0.62890625 0.6171875 0.58984375 0.578125 0.58984375 0.6171875 0.62890625
0 0.779296875 0.515625 0.818359375 0.4765625 0.779296875 0.4765625 0.818359375 0.515625
