0 0.640625 0.736328125 0.6796875 0.697265625 0.640625 0.697265625 0.6796875 0.736328125
0 0.513671875 0.720703125 0.552734375 0.681640625 0.513671875 0.681640625 0.552734375 0.720703125
0 0.15234375 0.529296875 0.19140625 0.490234375 0.15234375 0.490234375 0.19140625 0.529296875
0 0.1328125 0.181640625 0.171875 0.142578125 0.1328125 0.142578125 0.171875 0.181640625
0 0.640625 0.197265625 0.6796875 0.158203125 0.640625 0.158203125 0.6796875 0.197265625
0 0.041015625 0.08203125 0.080078125 0.04296875 0.041015625 0.04296875 0.080078125 0.08203125
0 0.3359375 0.619140625 0.375 0.580078125 0.3359375 0.580078125 0.375 0.619140625
0 0.875 0.5390625 0.9140625 0.5 0.875 0.5 0.9140625 0.5390625
0 0.513671875 0.697265625 0.552734375 0.658203125 0.513671875 0.658203125 0.552734375 0.697265625
0 0.76953125 0.365234375 0.80859375 0.326171875 0.76953125 0.326171875 0.80859375 0.365234375
0 0.197265625 0.7109375 0.236328125 0.671875 0.197265625 0.671875 0.236328125 0.7109375
0 0.2265625 0.166015625 0.265625 0.126953125 0.2265625 0.126953125 0.265625 0.166015625
