0 0.48046875 0.42578125 0.51953125 0.38671875 0.48046875 0.38671875 0.51953125 0.42578125
0 0.32421875 0.279296875 0.36328125 0.240234375 0.32421875 0.240234375 0.36328125 0.279296875
0 0.708984375 0.732421875 0.748046875 0.693359375 0.708984375 0.693359375 0.748046875 0.732421875
0 0.69140625 0.84375 0.73046875 0.8046875 0.69140625 0.8046875 0.73046875 0.84375
0 0.806640625 0.173828125 0.845703125 0.134765625 0.806640625 0.134765625 0.845703125 0.173828125
0 0.861328125 0.396484375 0.900390625 0.357421875 0.861328125 0.357421875 0.900390625 0.396484375
0 0.849609375 0.673828125 0.888671875 0.634765625 0.849609375 0.634765625 0.888671875 0.673828125
0 0.841796875 0.869140625 0.880859375 0.830078125 0.841796875 0.830078125 0.880859375 0.869140625
0 0.634765625 0.623046875 0.673828125 0.583984375 0.634765625 0.583984375 0.673828125 0.623046875
0 0.482421875 0.486328125 0.521484375 0.447265625 0.482421875 0.447265625 0.521484375 0.486328125
0 0.166015625 0.453125 0.205078125 0.4140625 0.166015625 0.4140625 0.205078125 0.453125
