0 0.06640625 0.876953125 0.10546875 0.837890625 0.06640625 0.837890625 0.10546875 0.876953125
0 0.412109375 0.107421875 0.451171875 0.068359375 0.412109375 0.068359375 0.451171875 0.107421875
0 0.759765625 0.203125 0.798828125 0.1640625 0.759765625 0.1640625 0.798828125 0.203125
0 0.1875 0.91015625 0.2265625 0.87109375 0.1875 0.87109375 0.2265625 0.91015625
0 0.326171875 0.111328125 0.365234375 0.072265625 0.326171875 0.072265625 0.365234375 0.111328125
0 0.525390625 0.908203125 0.564453125 0.869140625 0.525390625 0.869140625 0.564453125 0.908203125
0 0.490234375 0.697265625 0.529296875 0.658203125 0.490234375 0.658203125 0.529296875 0.697265625
0 0.076171875 0.30078125 0.115234375 0.26171875 0.076171875 0.26171875 0.115234375 0.30078125
0 0.625 0.66796875 0.6640625 0.62890625 0.625 0.62890625 0.6640625 0.66796875
0 0.68359375 0.181640625 0.72265625 0.142578125 0.68359375 0.142578125 0.72265625 0.181640625
0 0.70703125 0.373046875 0.74609375 0.333984375 0.70703125 0.333984375 0.74609375 0.373046875
0 0.44140625 0.673828125 0.48046875 0.634765625 0.44140625 0.634765625 0.48046875 0.673828125
0 0.3046875 0.3125 0.34375 0.2734375 0.3046875 0.2734375 0.34375 0.3125
0 0.0625 0.1015625 0.1015625 0.0625 0.0625 0.0625 0.1015625 0.1015625
