0 0.828125 0.900390625 0.8671875 0.861328125 0.828125 0.861328125 0.8671875 0.900390625
0 0.625 0.078125 0.6640625 0.0390625 0.625 0.0390625 0.6640625 0.078125
0 0.626953125 0.564453125 0.666015625 0.525390625 0.626953125 0.525390625 0.666015625 0.564453125
0 0.20703125 0.54296875 0.24609375 0.50390625 0.20703125 0.50390625 0.24609375 0.54296875
0 0.8515625 0.484375 0.890625 0.4453125 0.8515625 0.4453125 0.890625 0.484375
0 0.20703125 0.498046875 0.24609375 0.458984375 0.20703125 0.458984375 0.24609375 0.498046875
0 0.224609375 0.166015625 0.263671875 0.126953125 0.224609375 0.126953125 0.263671875 0.166015625
0 0.6640625 0.81640625 0.703125 0.77734375 0.6640625 0.77734375 0.703125 0.81640625
0 0.544921875 0.583984375 0.583984375 0.544921875 0.544921875 0.544921875 0.583984375 0.583984375
0 0.2265625 0.173828125 0.265625 0.134765625 0.2265625 0.134765625 0.265625 0.173828125
0 0.609375 0.537109375 0.6484375 0.498046875 0.609375 0.498046875 0.6484375 0.537109375
