0 0.171875 0.533203125 0.2109375 0.494140625 0.171875 0.494140625 0.2109375 0.533203125
0 0.294921875 0.15234375 0.333984375 0.11328125 0.294921875 0.11328125 0.333984375 0.15234375
0 0.6015625 0.30859375 0.640625 0.26953125 0.6015625 0.26953125 0.640625 0.30859375
0 0.42578125 0.556640625 0.46484375 0.517578125 0.42578125 0.517578125 0.46484375 0.556640625
0 0.1171875 0.208984375 0.15625 0.169921875 0.1171875 0.169921875 0.15625 0.208984375
0 0.41796875 0.330078125 0.45703125 0.291015625 0.41796875 0.291015625 0.45703125 0.330078125
0 0.69140625 0.923828125 0.73046875 0.884765625 0.69140625 0.884765625 0.73046875 0.923828125
0 0.546875 0.34765625 0.5859375 0.30859375 0.546875 0.30859375 0.5859375 0.34765625
0 0.865234375 0.826171875 0.904296875 0.787109375 0.865234375 0.787109375 0.904296875 0.826171875
0 0.625 0.07421875 0.6640625 0.03515625 0.625 0.03515625 0.6640625 0.07421875
0 0.6953125 0.3828125 0.734375 0.34375 0.6953125 0.34375 0.734375 0.3828125
0 0.771484375 0.775390625 0.810546875 0.736328125 0.771484375 0.736328125 0.810546875 0.775390625
0 0.71484375 0.591796875 0.75390625 0.552734375 0.71484375 0.552734375 0.75390625 0.591796875
