0 0.810546875 0.220703125 0.849609375 0.181640625 0.810546875 0.181640625 0.849609375 0.220703125
0 0.275390625 0.287109375 0.314453125 0.248046875 0.275390625 0.248046875 0.314453125 0.287109375
0 0.201171875 0.69921875 0.240234375 0.66015625 0.201171875 0.66015625 0.240234375 0.69921875
0 0.4609375 0.490234375 0.5 0.451171875 0.4609375 0.451171875 0.5 0.490234375
0 0.666015625 0.7109375 0.705078125 0.671875 0.666015625 0.671875 0.705078125 0.7109375
0 0.900390625 0.27734375 0.939453125 0.23828125 0.900390625 0.23828125 0.939453125 0.27734375
0 0.458984375 0.732421875 0.498046875 0.693359375 0.458984375 0.693359375 0.498046875 0.732421875
0 0.77734375 0.443359375 0.81640625 0.404296875 0.77734375 0.404296875 0.81640625 0.443359375
0 0.318359375 0.958984375 0.357421875 0.919921875 0.318359375 0.919921875 0.357421875 0.958984375
0 0.88671875 0.3359375 0.92578125 0.296875 0.88671875 0.296875 0.92578125 0.3359375
0 0.609375 0.677734375 0.6484375 0.638671875 0.609375 0.638671875 0.6484375 0.677734375
0 0.25 0.388671875 0.2890625 0.349609375 0.25 0.349609375 0.2890625 0.388671875
