0 0.9140625 0.525390625 0.953125 0.486328125 0.9140625 0.486328125 0.953125 0.525390625
0 0.470703125 0.92578125 0.509765625 0.88671875 0.470703125 0.88671875 0.509765625 0.92578125
0 0.669921875 0.5390625 0.708984375 0.5 0.669921875 0.5 0.708984375 0.5390625
0 0.5546875 0.21484375 0.59375 0.17578125 0.5546875 0.17578125 0.59375 0.21484375
0 0.80078125 0.533203125 0.83984375 0.494140625 0.80078125 0.494140625 0.83984375 0.533203125
0 0.919921875 0.466796875 0.958984375 0.427734375 0.919921875 0.427734375 0.958984375 0.466796875
0 0.103515625 0.73828125 0.142578125 0.69921875 0.103515625 0.69921875 0.142578125 0.73828125
0 0.314453125 0.900390625 0.353515625 0.861328125 0.314453125 0.861328125 0.353515625 0.900390625
0 0.798828125 0.103515625 0.837890625 0.064453125 0.798828125 0.064453125 0.837890625 0.103515625
0 0.88671875 0.916015625 0.92578125 0.876953125 0.88671875 0.876953125 0.92578125 0.916015625
0 0.5859375 0.2734375 0.625 0.234375 0.5859375 0.234375 0.625 0.2734375
