0 0.287109375 0.421875 0.326171875 0.3828125 0.287109375 0.3828125 0.326171875 0.421875
0 0.435546875 0.623046875 0.474609375 0.583984375 0.435546875 0.583984375 0.474609375 0.623046875
0 0.544921875 0.708984375 0.583984375 0.669921875 0.544921875 0.669921875 0.583984375 0.708984375
0 0.228515625 0.39453125 0.267578125 0.35546875 0.228515625 0.35546875 0.267578125 0.39453125
0 0.091796875 0.70703125 0.130859375 0.66796875 0.091796875 0.66796875 0.130859375 0.70703125
0 0.884765625 0.81640625 0.923828125 0.77734375 0.884765625 0.77734375 0.923828125 0.81640625
0 0.845703125 0.525390625 0.884765625 0.486328125 0.845703125 0.486328125 0.884765625 0.525390625
0 0.72265625 0.3515625 0.76171875 0.3125 0.72265625 0.3125 0.76171875 0.3515625
0 0.080078125 0.654296875 0.119140625 0.615234375 0.080078125 0.615234375 0.119140625 0.654296875
0 0.060546875 0.23828125 0.099609375 0.19921875 0.060546875 0.19921875 0.099609375 0.23828125
0 0.919921875 0.158203125 0.958984375 0.119140625 0.919921875 0.119140625 0.958984375 0.158203125
0 0.333984375 0.5703125 0.373046875 0.53125 0.333984375 0.53125 0.373046875 0.5703125
