0 0.880859375 0.580078125 0.919921875 0.541015625 0.880859375 0.541015625 0.919921875 0.580078125
0 0.171875 0.765625 0.2109375 0.7265625 0.171875 0.7265625 0.2109375 0.765625
0 0.337890625 0.517578125 0.376953125 0.478515625 0.337890625 0.478515625 0.376953125 0.517578125
0 0.419921875 0.84765625 0.458984375 0.80859375 0.419921875 0.80859375 0.458984375 0.84765625
0 0.08984375 0.625 0.12890625 0.5859375 0.08984375 0.5859375 0.12890625 0.625
0 0.4765625 0.8984375 0.515625 0.859375 0.4765625 0.859375 0.515625 0.8984375
0 0.1171875 0.611328125 0.15625 0.572265625 0.1171875 0.572265625 0.15625 0.611328125
0 0.2734375 0.900390625 0.3125 0.861328125 0.2734375 0.861328125 0.3125 0.900390625
0 0.44140625 0.3828125 0.48046875 0.34375 0.44140625 0.34375 0.48046875 0.3828125
0 0.26171875 0.71875 0.30078125 0.6796875 0.26171875 0.6796875 0.30078125 0.71875
0 0.33203125 0.85546875 0.37109375 0.81640625 0.33203125 0.81640625 0.37109375 0.85546875
