0 0.591796875 0.59765625 0.630859375 0.55859375 0.591796875 0.55859375 0.630859375 0.59765625
0 0.91015625 0.341796875 0.94921875 0.302734375 0.91015625 0.302734375 0.94921875 0.341796875
0 0.78125 0.595703125 0.8203125 0.556640625 0.78125 0.556640625 0.8203125 0.595703125
0 0.630859375 0.322265625 0.669921875 0.283203125 0.630859375 0.283203125 0.669921875 0.322265625
0 0.91796875 0.7734375 0.95703125 0.734375 0.91796875 0.734375 0.95703125 0.7734375
0 0.92578125 0.515625 0.96484375 0.4765625 0.92578125 0.4765625 0.96484375 0.515625
0 0.623046875 0.875 0.662109375 0.8359375 0.623046875 0.8359375 0.662109375 0.875
0 0.08984375 0.5625 0.12890625 0.5234375 0.08984375 0.5234375 0.12890625 0.5625
0 0.095703125 0.4375 0.134765625 0.3984375 0.095703125 0.3984375 0.134765625 0.4375
0 0.85546875 0.166015625 0.89453125 0.126953125 0.85546875 0.126953125 0.89453125 0.166015625
0 0.228515625 0.2734375 0.267578125 0.234375 0.228515625 0.234375 0.267578125 0.2734375
0 0.18359375 0.654296875 0.22265625 0.615234375 0.18359375 0.615234375 0.22265625 0.654296875
0 0.25390625 0.72265625 0.29296875 0.68359375 0.25390625 0.68359375 0.29296875 0.72265625
0 0.2265625 0.16015625 0.265625 0.12109375 0.2265625 0.12109375 0.265625 0.16015625
