0 0.796875 0.61328125 0.8359375 0.57421875 0.796875 0.57421875 0.8359375 0.61328125
0 0.755859375 0.494140625 0.794921875 0.455078125 0.755859375 0.455078125 0.794921875 0.494140625
0 0.3671875 0.1484375 0.40625 0.109375 0.3671875 0.109375 0.40625 0.1484375
0 0.4921875 0.630859375 0.53125 0.591796875 0.4921875 0.591796875 0.53125 0.630859375
0 0.837890625 0.537109375 0.876953125 0.498046875 0.837890625 0.498046875 0.876953125 0.537109375
0 0.494140625 0.26953125 0.533203125 0.23046875 0.494140625 0.23046875 0.533203125 0.26953125
0 0.685546875 0.888671875 0.724609375 0.849609375 0.685546875 0.849609375 0.724609375 0.888671875
0 0.359375 0.236328125 0.3984375 0.197265625 0.359375 0.197265625 0.3984375 0.236328125
0 0.794921875 0.45703125 0.833984375 0.41796875 0.794921875 0.41796875 0.833984375 0.45703125
0 0.513671875 0.728515625 0.552734375 0.689453125 0.513671875 0.689453125 0.552734375 0.728515625
