0 0.248046875 0.5 0.287109375 0.4609375 0.248046875 0.4609375 0.287109375 0.5
0 0.537109375 0.73046875 0.576171875 0.69140625 0.537109375 0.69140625 0.576171875 0.73046875
0 0.5546875 0.798828125 0.59375 0.759765625 0.5546875 0.759765625 0.59375 0.798828125
0 0.72265625 0.5 0.76171875 0.4609375 0.72265625 0.4609375 0.76171875 0.5
0 0.87109375 0.400390625 0.91015625 0.361328125 0.87109375 0.361328125 0.91015625 0.400390625
0 0.900390625 0.71484375 0.939453125 0.67578125 0.900390625 0.67578125 0.939453125 0.71484375
0 0.38671875 0.09375 0.42578125 0.0546875 0.38671875 0.0546875 0.42578125 0.09375
0 0.0546875 0.740234375 0.09375 0.701171875 0.0546875 0.701171875 0.09375 0.740234375
0 0.73828125 0.734375 0.77734375 0.6953125 0.73828125 0.6953125 0.77734375 0.734375
0 0.078125 0.078125 0.1171875 0.0390625 0.078125 0.0390625 0.1171875 0.078125
0 0.095703125 0.642578125 0.134765625 0.603515625 0.095703125 0.603515625 0.134765625 0.642578125
