0 0.51171875 0.90625 0.55078125 0.8671875 0.51171875 0.8671875 0.55078125 0.90625
0 0.42578125 0.537109375 0.46484375 0.498046875 0.42578125 0.498046875 0.46484375 0.537109375
0 0.63671875 0.09375 0.67578125 0.0546875 0.63671875 0.0546875 0.67578125 0.09375
0 0.220703125 0.66796875 0.259765625 0.62890625 0.220703125 0.62890625 0.259765625 0.66796875
0 0.052734375 0.392578125 0.091796875 0.353515625 0.052734375 0.353515625 0.091796875 0.392578125
0 0.33203125 0.533203125 0.37109375 0.494140625 0.33203125 0.494140625 0.37109375 0.533203125
0 0.267578125 0.689453125 0.306640625 0.650390625 0.267578125 0.650390625 0.306640625 0.689453125
0 0.40625 0.8359375 0.4453125 0.796875 0.40625 0.796875 0.4453125 0.8359375
0 0.8671875 0.75 0.90625 0.7109375 0.8671875 0.7109375 0.90625 0.75
0 0.4375 0.458984375 0.4765625 0.419921875 0.4375 0.419921875 0.4765625 0.458984375
0 0.185546875 0.88671875 0.224609375 0.84765625 0.185546875 0.84765625 0.224609375 0.88671875
