0 0.453125 0.287109375 0.4921875 0.248046875 0.453125 0.248046875 0.4921875 0.287109375
0 0.259765625 0.892578125 0.298828125 0.853515625 0.259765625 0.853515625 0.298828125 0.892578125
0 0.498046875 0.19140625 0.537109375 0.15234375 0.498046875 0.15234375 0.537109375 0.19140625
0 0.75 0.7265625 0.7890625 0.6875 0.75 0.6875 0.7890625 0.7265625
0 0.498046875 0.525390625 0.537109375 0.486328125 0.498046875 0.486328125 0.537109375 0.525390625
0 0.87109375 0.134765625 0.91015625 0.095703125 0.87109375 0.095703125 0.91015625 0.134765625
0 0.513671875 0.48828125 0.552734375 0.44921875 0.513671875 0.44921875 0.552734375 0.48828125
0 0.48828125 0.2109375 0.52734375 0.171875 0.48828125 0.171875 0.52734375 0.2109375
0 0.033203125 0.654296875 0.072265625 0.615234375 0.033203125 0.615234375 0.072265625 0.654296875
0 0.453125 0.544921875 0.4921875 0.505859375 0.453125 0.505859375 0.4921875 0.544921875
0 0.921875 0.697265625 0.9609375 0.658203125 0.921875 0.658203125 0.9609375 0.697265625
