0 0.501953125 0.923828125 0.541015625 0.884765625 0.501953125 0.884765625 0.541015625 0.923828125
0 0.806640625 0.810546875 0.845703125 0.771484375 0.806640625 0.771484375 0.845703125 0.810546875
0 0.470703125 0.435546875 0.509765625 0.396484375 0.470703125 0.396484375 0.509765625 0.435546875
0 0.138671875 0.498046875 0.177734375 0.458984375 0.138671875 0.458984375 0.177734375 0.498046875
0 0.8046875 0.076171875 0.84375 0.037109375 0.8046875 0.037109375 0.84375 0.076171875
0 0.83984375 0.08984375 0.87890625 0.05078125 0.83984375 0.05078125 0.87890625 0.08984375
0 0.8359375 0.248046875 0.875 0.208984375 0.8359375 0.208984375 0.875 0.248046875
0 0.826171875 0.876953125 0.865234375 0.837890625 0.826171875 0.837890625 0.865234375 0.876953125
0 0.751953125 0.416015625 0.791015625 0.376953125 0.751953125 0.376953125 0.791015625 0.416015625
0 0.611328125 0.154296875 0.650390625 0.115234375 0.611328125 0.115234375 0.650390625 0.154296875
