0 0.869140625 0.578125 0.908203125 0.5390625 0.869140625 0.5390625 0.908203125 0.578125
0 0.744140625 0.28515625 0.783203125 0.24609375 0.744140625 0.24609375 0.783203125 0.28515625
0 0.724609375 0.212890625 0.763671875 0.173828125 0.724609375 0.173828125 0.763671875 0.212890625
0 0.505859375 0.15234375 0.544921875 0.11328125 0.505859375 0.11328125 0.544921875 0.15234375
0 0.6171875 0.1796875 0.65625 0.140625 0.6171875 0.140625 0.65625 0.1796875
0 0.81640625 0.921875 0.85546875 0.8828125 0.81640625 0.8828125 0.85546875 0.921875
0 0.84765625 0.650390625 0.88671875 0.611328125 0.84765625 0.611328125 0.88671875 0.650390625
0 0.265625 0.240234375 0.3046875 0.201171875 0.265625 0.201171875 0.3046875 0.240234375
0 0.6875 0.625 0.7265625 0.5859375 0.6875 0.5859375 0.7265625 0.625
0 0.5234375 0.787109375 0.5625 0.748046875 0.5234375 0.748046875 0.5625 0.787109375
