0 0.708984375 0.078125 0.748046875 0.0390625 0.708984375 0.0390625 0.748046875 0.078125
0 0.640625 0.212890625 0.6796875 0.173828125 0.640625 0.173828125 0.6796875 0.212890625
0 0.154296875 0.25390625 0.193359375 0.21484375 0.154296875 0.21484375 0.193359375 0.25390625
0 0.55078125 0.23828125 0.58984375 0.19921875 0.55078125 0.19921875 0.58984375 0.23828125
0 0.560546875 0.58203125 0.599609375 0.54296875 0.560546875 0.54296875 0.599609375 0.58203125
0 0.677734375 0.955078125 0.716796875 0.916015625 0.677734375 0.916015625 0.716796875 0.955078125
0 0.90625 0.65625 0.9453125 0.6171875 0.90625 0.6171875 0.9453125 0.65625
0 0.068359375 0.787109375 0.107421875 0.748046875 0.068359375 0.748046875 0.107421875 0.787109375
0 0.140625 0.3125 0.1796875 0.2734375 0.140625 0.2734375 0.1796875 0.3125
0 0.775390625 0.20703125 0.814453125 0.16796875 0.775390625 0.16796875 0.814453125 0.20703125
0 0.84765625 0.81640625 0.88671875 0.77734375 0.84765625 0.77734375 0.88671875 0.81640625
