0 0.3671875 0.271484375 0.40625 0.232421875 0.3671875 0.232421875 0.40625 0.271484375
0 0.748046875 0.845703125 0.787109375 0.806640625 0.748046875 0.806640625 0.787109375 0.845703125
0 0.34375 0.560546875 0.3828125 0.521484375 0.34375 0.521484375 0.3828125 0.560546875
0 0.216796875 0.716796875 0.255859375 0.677734375 0.216796875 0.677734375 0.255859375 0.716796875
0 0.40625 0.65625 0.4453125 0.6171875 0.40625 0.6171875 0.4453125 0.65625
0 0.7265625 0.5390625 0.765625 0.5 0.7265625 0.5 0.765625 0.5390625
0 0.4765625 0.626953125 0.515625 0.587890625 0.4765625 0.587890625 0.515625 0.626953125
0 0.064453125 0.416015625 0.103515625 0.376953125 0.064453125 0.376953125 0.103515625 0.416015625
0 0.4296875 0.4921875 0.46875 0.453125 0.4296875 0.453125 0.46875 0.4921875
0 0.390625 0.5546875 0.4296875 0.515625 0.390625 0.515625 0.4296875 0.5546875
