0 0.345703125 0.58984375 0.384765625 0.55078125 0.345703125 0.55078125 0.384765625 0.58984375
0 0.748046875 0.22265625 0.787109375 0.18359375 0.748046875 0.18359375 0.787109375 0.22265625
0 0.767578125 0.966796875 0.806640625 0.927734375 0.767578125 0.927734375 0.806640625 0.966796875
0 0.17578125 0.07421875 0.21484375 0.03515625 0.17578125 0.03515625 0.21484375 0.07421875
0 0.390625 0.439453125 0.4296875 0.400390625 0.390625 0.400390625 0.4296875 0.439453125
0 0.90234375 0.390625 0.94140625 0.3515625 0.90234375 0.3515625 0.94140625 0.390625
0 0.630859375 0.328125 0.669921875 0.2890625 0.630859375 0.2890625 0.669921875 0.328125
0 0.90625 0.375 0.9453125 0.3359375 0.90625 0.3359375 0.9453125 0.375
0 0.779296875 0.37890625 0.818359375 0.33984375 0.779296875 0.33984375 0.818359375 0.37890625
0 0.853515625 0.314453125 0.892578125 0.275390625 0.853515625 0.275390625 0.892578125 0.314453125
0 0.18359375 0.095703125 0.22265625 0.056640625 0.18359375 0.056640625 0.22265625 0.095703125
0 0.1875 0.87109375 0.2265625 0.83203125 0.1875 0.83203125 0.2265625 0.87109375
