0 0.904296875 0.24609375 0.943359375 0.20703125 0.904296875 0.20703125 0.943359375 0.24609375
0 0.642578125 0.671875 0.681640625 0.6328125 0.642578125 0.6328125 0.681640625 0.671875
0 0.11328125 0.65234375 0.15234375 0.61328125 0.11328125 0.61328125 0.15234375 0.65234375
0 0.5625 0.68359375 0.6015625 0.64453125 0.5625 0.64453125 0.6015625 0.68359375
0 0.58984375 0.2421875 0.62890625 0.203125 0.58984375 0.203125 0.62890625 0.2421875
0 0.333984375 0.931640625 0.373046875 0.892578125 0.333984375 0.892578125 0.373046875 0.931640625
0 0.326171875 0.556640625 0.365234375 0.517578125 0.326171875 0.517578125 0.365234375 0.556640625
0 0.88671875 0.2109375 0.92578125 0.171875 0.88671875 0.171875 0.92578125 0.2109375
0 0.169921875 0.86328125 0.208984375 0.82421875 0.169921875 0.82421875 0.208984375 0.86328125
0 0.4609375 0.556640625 0.5 0.517578125 0.4609375 0.517578125 0.5 0.556640625
0 0.5625 0.572265625 0.6015625 0.533203125 0.5625 0.533203125 0.6015625 0.572265625
0 0.556640625 0.220703125 0.595703125 0.181640625 0.556640625 0.181640625 0.595703125 0.220703125
