0 0.583984375 0.69921875 0.623046875 0.66015625 0.583984375 0.66015625 0.623046875 0.69921875
0 0.859375 0.28125 0.8984375 0.2421875 0.859375 0.2421875 0.8984375 0.28125
0 0.59765625 0.939453125 0.63671875 0.900390625 0.59765625 0.900390625 0.63671875 0.939453125
0 0.900390625 0.564453125 0.939453125 0.525390625 0.900390625 0.525390625 0.939453125 0.564453125
0 0.466796875 0.681640625 0.505859375 0.642578125 0.466796875 0.642578125 0.505859375 0.681640625
0 0.029296875 0.162109375 0.068359375 0.123046875 0.029296875 0.123046875 0.068359375 0.162109375
0 0.6953125 0.150390625 0.734375 0.111328125 0.6953125 0.111328125 0.734375 0.150390625
0 0.482421875 0.763671875 0.521484375 0.724609375 0.482421875 0.724609375 0.521484375 0.763671875
0 0.599609375 0.4140625 0.638671875 0.375 0.599609375 0.375 0.638671875 0.4140625
0 0.837890625 0.203125 0.876953125 0.1640625 0.837890625 0.1640625 0.876953125 0.203125
0 0.73046875 0.958984375 0.76953125 0.919921875 0.73046875 0.919921875 0.76953125 0.958984375
0 0.54296875 0.427734375 0.58203125 0.388671875 0.54296875 0.388671875 0.58203125 0.427734375
0 0.12109375 0.935546875 0.16015625 0.896484375 0.12109375 0.896484375 0.16015625 0.935546875
