0 0.482421875 0.337890625 0.521484375 0.298828125 0.482421875 0.298828125 0.521484375 0.337890625
0 0.72265625 0.4375 0.76171875 0.3984375 0.72265625 0.3984375 0.76171875 0.4375
0 0.607421875 0.615234375 0.646484375 0.576171875 0.607421875 0.576171875 0.646484375 0.615234375
0 0.4609375 0.232421875 0.5 0.193359375 0.4609375 0.193359375 0.5 0.232421875
0 0.88671875 0.775390625 0.92578125 0.736328125 0.88671875 0.736328125 0.92578125 0.775390625
0 0.046875 0.75 0.0859375 0.7109375 0.046875 0.7109375 0.0859375 0.75
0 0.51171875 0.869140625 0.55078125 0.830078125 0.51171875 0.830078125 0.55078125 0.869140625
0 0.6328125 0.2734375 0.671875 0.234375 0.6328125 0.234375 0.671875 0.2734375
0 0.146484375 0.373046875 0.185546875 0.333984375 0.146484375 0.333984375 0.185546875 0.373046875
0 0.3359375 0.068359375 0.375 0.029296875 0.3359375 0.029296875 0.375 0.068359375
