0 0.828125 0.927734375 0.8671875 0.888671875 0.828125 0.888671875 0.8671875 0.927734375
0 0.62109375 0.59765625 0.66015625 0.55859375 0.62109375 0.55859375 0.66015625 0.59765625
0 0.412109375 0.8828125 0.451171875 0.84375 0.412109375 0.84375 0.451171875 0.8828125
0 0.498046875 0.892578125 0.537109375 0.853515625 0.498046875 0.853515625 0.537109375 0.892578125
0 0.064453125 0.2734375 0.103515625 0.234375 0.064453125 0.234375 0.103515625 0.2734375
0 0.48828125 0.767578125 0.52734375 0.728515625 0.48828125 0.728515625 0.52734375 0.767578125
0 0.923828125 0.326171875 0.962890625 0.287109375 0.923828125 0.287109375 0.962890625 0.326171875
0 0.138671875 0.66015625 0.177734375 0.62109375 0.138671875 0.62109375 0.177734375 0.66015625
0 0.587890625 0.630859375 0.626953125 0.591796875 0.587890625 0.591796875 0.626953125 0.630859375
0 0.87109375 0.728515625 0.91015625 0.689453125 0.87109375 0.689453125 0.91015625 0.728515625
0 0.326171875 0.787109375 0.365234375 0.748046875 0.326171875 0.748046875 0.365234375 0.787109375
0 0.091796875 0.1328125 0.130859375 0.09375 0.091796875 0.09375 0.130859375 0.1328125
0 0.4921875 0.732421875 0.53125 0.693359375 0.4921875 0.693359375 0.53125 0.732421875
0 0.05859375 0.44921875 0.09765625 0.41015625 0.05859375 0.41015625 0.09765625 0.44921875
