0 0.341796875 0.615234375 0.380859375 0.576171875 0.341796875 0.576171875 0.380859375 0.615234375
0 0.392578125 0.931640625 0.431640625 0.892578125 0.392578125 0.892578125 0.431640625 0.931640625
0 0.375 0.474609375 0.4140625 0.435546875 0.375 0.435546875 0.4140625 0.474609375
0 0.099609375 0.66015625 0.138671875 0.62109375 0.099609375 0.62109375 0.138671875 0.66015625
0 0.861328125 0.447265625 0.900390625 0.408203125 0.861328125 0.408203125 0.900390625 0.447265625
0 0.6640625 0.255859375 0.703125 0.216796875 0.6640625 0.216796875 0.703125 0.255859375
0 0.697265625 0.69140625 0.736328125 0.65234375 0.697265625 0.65234375 0.736328125 0.69140625
0 0.33203125 0.24609375 0.37109375 0.20703125 0.33203125 0.20703125 0.37109375 0.24609375
0 0.529296875 0.576171875 0.568359375 0.537109375 0.529296875 0.537109375 0.568359375 0.576171875
0 0.720703125 0.255859375 0.759765625 0.216796875 0.720703125 0.216796875 0.759765625 0.255859375
0 0.58984375 0.7265625 0.62890625 0.6875 0.58984375 0.6875 0.62890625 0.7265625
