0 0.8046875 0.716796875 0.84375 0.677734375 0.8046875 0.677734375 0.84375 0.716796875
0 0.087890625 0.361328125 0.126953125 0.322265625 0.087890625 0.322265625 0.126953125 0.361328125
0 0.087890625 0.90234375 0.126953125 0.86328125 0.087890625 0.86328125 0.126953125 0.90234375
0 0.248046875 0.21484375 0.287109375 0.17578125 0.248046875 0.17578125 0.287109375 0.21484375
0 0.681640625 0.408203125 0.720703125 0.369140625 0.681640625 0.369140625 0.720703125 0.408203125
0 0.767578125 0.47265625 0.806640625 0.43359375 0.767578125 0.43359375 0.806640625 0.47265625
0 0.173828125 0.30859375 0.212890625 0.26953125 0.173828125 0.26953125 0.212890625 0.30859375
0 0.611328125 0.169921875 0.650390625 0.130859375 0.611328125 0.130859375 0.650390625 0.169921875
0 0.2578125 0.74609375 0.296875 0.70703125 0.2578125 0.70703125 0.296875 0.74609375
0 0.869140625 0.767578125 0.908203125 0.728515625 0.869140625 0.728515625 0.908203125 0.767578125
0 0.1171875 0.474609375 0.15625 0.435546875 0.1171875 0.435546875 0.15625 0.474609375
