0 0.626953125 0.595703125 0.666015625 0.556640625 0.626953125 0.556640625 0.666015625 0.595703125
0 0.076171875 0.115234375 0.115234375 0.076171875 0.076171875 0.076171875 0.115234375 0.115234375
0 0.8203125 0.220703125 0.859375 0.181640625 0.8203125 0.181640625 0.859375 0.220703125
0 0.82421875 0.40234375 0.86328125 0.36328125 0.82421875 0.36328125 0.86328125 0.40234375
0 0.314453125 0.279296875 0.353515625 0.240234375 0.314453125 0.240234375 0.353515625 0.279296875
0 0.029296875 0.291015625 0.068359375 0.251953125 0.029296875 0.251953125 0.068359375 0.291015625
0 0.083984375 0.330078125 0.123046875 0.291015625 0.083984375 0.291015625 0.123046875 0.330078125
0 0.548828125 0.654296875 0.587890625 0.615234375 0.548828125 0.615234375 0.587890625 0.654296875
0 0.53125 0.755859375 0.5703125 0.716796875 0.53125 0.716796875 0.5703125 0.755859375
0 0.833984375 0.451171875 0.873046875 0.412109375 0.833984375 0.412109375 0.873046875 0.451171875
0 0.17578125 0.4765625 0.21484375 0.4375 0.17578125 0.4375 0.21484375 0.4765625
0 0.41796875 0.271484375 0.45703125 0.232421875 0.41796875 0.232421875 0.45703125 0.271484375
0 0.91796875 0.283203125 0.95703125 0.244140625 0.91796875 0.244140625 0.95703125 0.283203125
