0 0.505859375 0.16015625 0.544921875 0.12109375 0.505859375 0.12109375 0.544921875 0.16015625
0 0.111328125 0.6796875 0.150390625 0.640625 0.111328125 0.640625 0.150390625 0.6796875
0 0.6484375 0.705078125 0.6875 0.666015625 0.6484375 0.666015625 0.6875 0.705078125
0 0.53515625 0.9453125 0.57421875 0.90625 0.53515625 0.90625 0.57421875 0.9453125
0 0.080078125 0.8671875 0.119140625 0.828125 0.080078125 0.828125 0.119140625 0.8671875
0 0.439453125 0.458984375 0.478515625 0.419921875 0.439453125 0.419921875 0.478515625 0.458984375
0 0.40234375 0.203125 0.44140625 0.1640625 0.40234375 0.1640625 0.44140625 0.203125
0 0.580078125 0.443359375 0.619140625 0.404296875 0.580078125 0.404296875 0.619140625 0.443359375
0 0.4296875 0.662109375 0.46875 0.623046875 0.4296875 0.623046875 0.46875 0.662109375
0 0.685546875 0.70703125 0.724609375 0.66796875 0.685546875 0.66796875 0.724609375 0.70703125
