0 0.712890625 0.08203125 0.751953125 0.04296875 0.712890625 0.04296875 0.751953125 0.08203125
0 0.412109375 0.3125 0.451171875 0.2734375 0.412109375 0.2734375 0.451171875 0.3125
0 0.248046875 0.298828125 0.287109375 0.259765625 0.248046875 0.259765625 0.287109375 0.298828125
0 0.04296875 0.916015625 0.08203125 0.876953125 0.04296875 0.876953125 0.08203125 0.916015625
0 0.6875 0.39453125 0.7265625 0.35546875 0.6875 0.35546875 0.7265625 0.39453125
0 0.330078125 0.48046875 0.369140625 0.44140625 0.330078125 0.44140625 0.369140625 0.48046875
0 0.3984375 0.740234375 0.4375 0.701171875 0.3984375 0.701171875 0.4375 0.740234375
0 0.43359375 0.2734375 0.47265625 0.234375 0.43359375 0.234375 0.47265625 0.2734375
0 0.248046875 0.716796875 0.287109375 0.677734375 0.248046875 0.677734375 0.287109375 0.716796875
0 0.79296875 0.921875 0.83203125 0.8828125 0.79296875 0.8828125 0.83203125 0.921875
0 0.404296875 0.111328125 0.443359375 0.072265625 0.404296875 0.072265625 0.443359375 0.111328125
0 0.689453125 0.53515625 0.728515625 0.49609375 0.689453125 0.49609375 0.728515625 0.53515625
0 0.283203125 0.794921875 0.322265625 0.755859375 0.283203125 0.755859375 0.322265625 0.794921875
0 0.841796875 0.40234375 0.880859375 0.36328125 0.841796875 0.36328125 0.880859375 0.40234375
