0 0.287109375 0.876953125 0.326171875 0.837890625 0.287109375 0.837890625 0.326171875 0.876953125
0 0.228515625 0.447265625 0.267578125 0.408203125 0.228515625 0.408203125 0.267578125 0.447265625
0 0.265625 0.166015625 0.3046875 0.126953125 0.265625 0.126953125 0.3046875 0.166015625
0 0.173828125 0.380859375 0.212890625 0.341796875 0.173828125 0.341796875 0.212890625 0.380859375
0 0.60546875 0.689453125 0.64453125 0.650390625 0.60546875 0.650390625 0.64453125 0.689453125
0 0.271484375 0.470703125 0.310546875 0.431640625 0.271484375 0.431640625 0.310546875 0.470703125
0 0.1796875 0.19140625 0.21875 0.15234375 0.1796875 0.15234375 0.21875 0.19140625
0 0.771484375 0.09765625 0.810546875 0.05859375 0.771484375 0.05859375 0.810546875 0.09765625
0 0.845703125 0.46484375 0.884765625 0.42578125 0.845703125 0.42578125 0.884765625 0.46484375
0 0.755859375 0.416015625 0.794921875 0.376953125 0.755859375 0.376953125 0.794921875 0.416015625
