0 0.38671875 0.478515625 0.42578125 0.439453125 0.38671875 0.439453125 0.42578125 0.478515625
0 0.376953125 0.396484375 0.416015625 0.357421875 0.376953125 0.357421875 0.416015625 0.396484375
0 0.533203125 0.119140625 0.572265625 0.080078125 0.533203125 0.080078125 0.572265625 0.119140625
0 0.162109375 0.583984375 0.201171875 0.544921875 0.162109375 0.544921875 0.201171875 0.583984375
0 0.919921875 0.875 0.958984375 0.8359375 0.919921875 0.8359375 0.958984375 0.875
0 0.09765625 0.7421875 0.13671875 0.703125 0.09765625 0.703125 0.13671875 0.7421875
0 0.73046875 0.162109375 0.76953125 0.123046875 0.73046875 0.123046875 0.76953125 0.162109375
0 0.119140625 0.89453125 0.158203125 0.85546875 0.119140625 0.85546875 0.158203125 0.89453125
0 0.416015625 0.41015625 0.455078125 0.37109375 0.416015625 0.37109375 0.455078125 0.41015625
0 0.255859375 0.625 0.294921875 0.5859375 0.255859375 0.5859375 0.294921875 0.625
0 0.59765625 0.763671875 0.63671875 0.724609375 0.59765625 0.724609375 0.63671875 0.763671875
0 0.51953125 0.6796875 0.55859375 0.640625 0.51953125 0.640625 0.55859375 0.6796875
