0 0.478515625 0.072265625 0.517578125 0.033203125 0.478515625 0.033203125 0.517578125 0.072265625
0 0.517578125 0.84765625 0.556640625 0.80859375 0.517578125 0.80859375 0.556640625 0.84765625
0 0.560546875 0.921875 0.599609375 0.8828125 0.560546875 0.8828125 0.599609375 0.921875
0 0.296875 0.947265625 0.3359375 0.908203125 0.296875 0.908203125 0.3359375 0.947265625
0 0.12109375 0.109375 0.16015625 0.0703125 0.12109375 0.0703125 0.16015625 0.109375
0 0.12890625 0.21875 0.16796875 0.1796875 0.12890625 0.1796875 0.16796875 0.21875
0 0.544921875 0.501953125 0.583984375 0.462890625 0.544921875 0.462890625 0.583984375 0.501953125
0 0.287109375 0.5390625 0.326171875 0.5 0.287109375 0.5 0.326171875 0.5390625
0 0.3671875 0.611328125 0.40625 0.572265625 0.3671875 0.572265625 0.40625 0.611328125
0 0.03515625 0.177734375 0.07421875 0.138671875 0.03515625 0.138671875 0.07421875 0.177734375
0 0.734375 0.947265625 0.7734375 0.908203125 0.734375 0.908203125 0.7734375 0.947265625
0 0.21484375 0.423828125 0.25390625 0.384765625 0.21484375 0.384765625 0.25390625 0.423828125
0 0.8359375 0.939453125 0.875 0.900390625 0.8359375 0.900390625 0.875 0.939453125
