0 0.2734375 0.509765625 0.3125 0.470703125 0.2734375 0.470703125 0.3125 0.509765625
0 0.08203125 0.203125 0.12109375 0.1640625 0.08203125 0.1640625 0.12109375 0.203125
0 0.439453125 0.25 0.478515625 0.2109375 0.439453125 0.2109375 0.478515625 0.25
0 0.8671875 0.576171875 0.90625 0.537109375 0.8671875 0.537109375 0.90625 0.576171875
0 0.85546875 0.890625 0.89453125 0.8515625 0.85546875 0.8515625 0.89453125 0.890625
0 0.86328125 0.7109375 0.90234375 0.671875 0.86328125 0.671875 0.90234375 0.7109375
0 0.337890625 0.783203125 0.376953125 0.744140625 0.337890625 0.744140625 0.376953125 0.783203125
0 0.677734375 0.51953125 0.716796875 0.48046875 0.677734375 0.48046875 0.716796875 0.51953125
0 0.4375 0.208984375 0.4765625 0.169921875 0.4375 0.169921875 0.4765625 0.208984375
0 0.765625 0.267578125 0.8046875 0.228515625 0.765625 0.228515625 0.8046875 0.267578125
0 0.03125 0.37109375 0.0703125 0.33203125 0.03125 0.33203125 0.0703125 0.37109375
0 0.064453125 0.34375 0.103515625 0.3046875 0.064453125 0.3046875 0.103515625 0.34375
0 0.369140625 0.85546875 0.408203125 0.81640625 0.369140625 0.81640625 0.408203125 0.85546875
0 0.44921875 0.4375 0.48828125 0.3984375 0.44921875 0.3984375 0.48828125 0.4375
