0 0.171875 0.26953125 0.2109375 0.23046875 0.171875 0.23046875 0.2109375 0.26953125
0 0.791015625 0.888671875 0.830078125 0.849609375 0.791015625 0.849609375 0.830078125 0.888671875
0 0.9140625 0.541015625 0.953125 0.501953125 0.9140625 0.501953125 0.953125 0.541015625
0 0.552734375 0.58984375 0.591796875 0.55078125 0.552734375 0.55078125 0.591796875 0.58984375
0 0.5390625 0.232421875 0.578125 0.193359375 0.5390625 0.193359375 0.578125 0.232421875
0 0.572265625 0.865234375 0.611328125 0.826171875 0.572265625 0.826171875 0.611328125 0.865234375
0 0.0703125 0.494140625 0.109375 0.455078125 0.0703125 0.455078125 0.109375 0.494140625
0 0.623046875 0.291015625 0.662109375 0.251953125 0.623046875 0.251953125 0.662109375 0.291015625
0 0.845703125 0.82421875 0.884765625 0.78515625 0.845703125 0.78515625 0.884765625 0.82421875
0 0.314453125 0.841796875 0.353515625 0.802734375 0.314453125 0.802734375 0.353515625 0.841796875
0 0.138671875 0.408203125 0.177734375 0.369140625 0.138671875 0.369140625 0.177734375 0.408203125
0 0.45703125 0.302734375 0.49609375 0.263671875 0.45703125 0.263671875 0.49609375 0.302734375
0 0.494140625 0.869140625 0.533203125 0.830078125 0.494140625 0.830078125 0.533203125 0.869140625
0 0.47265625 0.220703125 0.51171875 0.181640625 0.47265625 0.181640625 0.51171875 0.220703125
