0 0.685546875 0.36328125 0.724609375 0.32421875 0.685546875 0.32421875 0.724609375 0.36328125
0 0.296875 0.537109375 0.3359375 0.498046875 0.296875 0.498046875 0.3359375 0.537109375
0 0.83984375 0.384765625 0.87890625 0.345703125 0.83984375 0.345703125 0.87890625 0.384765625
0 0.90625 0.6953125 0.9453125 0.65625 0.90625 0.65625 0.9453125 0.6953125
0 0.919921875 0.875 0.958984375 0.8359375 0.919921875 0.8359375 0.958984375 0.875
0 0.392578125 0.1015625 0.431640625 0.0625 0.392578125 0.0625 0.431640625 0.1015625
0 0.70703125 0.201171875 0.74609375 0.162109375 0.70703125 0.162109375 0.74609375 0.201171875
0 0.876953125 0.853515625 0.916015625 0.814453125 0.876953125 0.814453125 0.916015625 0.853515625
0 0.490234375 0.796875 0.529296875 0.7578125 0.490234375 0.7578125 0.529296875 0.796875
0 0.732421875 0.712890625 0.771484375 0.673828125 0.732421875 0.673828125 0.771484375 0.712890625
0 0.04296875 0.65234375 0.08203125 0.61328125 0.04296875 0.61328125 0.08203125 0.65234375
0 0.177734375 0.830078125 0.216796875 0.791015625 0.177734375 0.791015625 0.216796875 0.830078125
