0 0.349609375 0.478515625 0.388671875 0.439453125 0.349609375 0.439453125 0.388671875 0.478515625
0 0.0546875 0.763671875 0.09375 0.724609375 0.0546875 0.724609375 0.09375 0.763671875
0 0.841796875 0.361328125 0.880859375 0.322265625 0.841796875 0.322265625 0.880859375 0.361328125
0 0.146484375 0.779296875 0.185546875 0.740234375 0.146484375 0.740234375 0.185546875 0.779296875
0 0.482421875 0.078125 0.521484375 0.0390625 0.482421875 0.0390625 0.521484375 0.078125
0 0.7265625 0.92578125 0.765625 0.88671875 0.7265625 0.88671875 0.765625 0.92578125
0 0.76171875 0.80859375 0.80078125 0.76953125 0.76171875 0.76953125 0.80078125 0.80859375
0 0.4375 0.3203125 0.4765625 0.28125 0.4375 0.28125 0.4765625 0.3203125
0 0.255859375 0.150390625 0.294921875 0.111328125 0.255859375 0.111328125 0.294921875 0.150390625
0 0.091796875 0.8984375 0.130859375 0.859375 0.091796875 0.859375 0.130859375 0.8984375
0 0.439453125 0.951171875 0.478515625 0.912109375 0.439453125 0.912109375 0.478515625 0.951171875
0 0.548828125 0.923828125 0.587890625 0.884765625 0.548828125 0.884765625 0.587890625 0.923828125
0 0.638671875 0.767578125 0.677734375 0.728515625 0.638671875 0.728515625 0.677734375 0.767578125
