0 0.55859375 0.306640625 0.59765625 0.267578125 0.55859375 0.267578125 0.59765625 0.306640625
0 0.615234375 0.751953125 0.654296875 0.712890625 0.615234375 0.712890625 0.654296875 0.751953125
0 0.7421875 0.451171875 0.78125 0.412109375 0.7421875 0.412109375 0.78125 0.451171875
0 0.421875 0.8671875 0.4609375 0.828125 0.421875 0.828125 0.4609375 0.8671875
0 0.23828125 0.71484375 0.27734375 0.67578125 0.23828125 0.67578125 0.27734375 0.71484375
0 0.740234375 0.482421875 0.779296875 0.443359375 0.740234375 0.443359375 0.779296875 0.482421875
0 0.201171875 0.3515625 0.240234375 0.3125 0.201171875 0.3125 0.240234375 0.3515625
0 0.662109375 0.490234375 0.701171875 0.451171875 0.662109375 0.451171875 0.701171875 0.490234375
0 0.291015625 0.50390625 0.330078125 0.46484375 0.291015625 0.46484375 0.330078125 0.50390625
0 0.474609375 0.5703125 0.513671875 0.53125 0.474609375 0.53125 0.513671875 0.5703125
0 0.1328125 0.275390625 0.171875 0.236328125 0.1328125 0.236328125 0.171875 0.275390625
