0 0.4453125 0.689453125 0.484375 0.650390625 0.4453125 0.650390625 0.484375 0.689453125
0 0.884765625 0.8671875 0.923828125 0.828125 0.884765625 0.828125 0.923828125 0.8671875
0 0.05859375 0.787109375 0.09765625 0.748046875 0.05859375 0.748046875 0.09765625 0.787109375
0 0.064453125 0.69921875 0.103515625 0.66015625 0.064453125 0.66015625 0.103515625 0.69921875
0 0.80078125 0.27734375 0.83984375 0.23828125 0.80078125 0.23828125 0.83984375 0.27734375
0 0.296875 0.955078125 0.3359375 0.916015625 0.296875 0.916015625 0.3359375 0.955078125
0 0.1015625 0.08203125 0.140625 0.04296875 0.1015625 0.04296875 0.140625 0.08203125
0 0.35546875 0.75 0.39453125 0.7109375 0.35546875 0.7109375 0.39453125 0.75
0 0.212890625 0.5546875 0.251953125 0.515625 0.212890625 0.515625 0.251953125 0.5546875
0 0.109375 0.283203125 0.1484375 0.244140625 0.109375 0.244140625 0.1484375 0.283203125
0 0.236328125 0.283203125 0.275390625 0.244140625 0.236328125 0.244140625 0.275390625 0.283203125
0 0.373046875 0.8828125 0.412109375 0.84375 0.373046875 0.84375 0.412109375 0.8828125
0 0.8671875 0.078125 0.90625 0.0390625 0.8671875 0.0390625 0.90625 0.078125
0 0.6796875 0.7421875 0.71875 0.703125 0.6796875 0.703125 0.71875 0.7421875
