0 0.70703125 0.48828125 0.74609375 0.44921875 0.70703125 0.44921875 0.74609375 0.48828125
0 0.83203125 0.298828125 0.87109375 0.259765625 0.83203125 0.259765625 0.87109375 0.298828125
0 0.052734375 0.185546875 0.091796875 0.146484375 0.052734375 0.146484375 0.091796875 0.185546875
0 0.1640625 0.90234375 0.203125 0.86328125 0.1640625 0.86328125 0.203125 0.90234375
0 0.08984375 0.53515625 0.12890625 0.49609375 0.08984375 0.49609375 0.12890625 0.53515625
0 0.1953125 0.705078125 0.234375 0.666015625 0.1953125 0.666015625 0.234375 0.705078125
0 0.515625 0.240234375 0.5546875 0.201171875 0.515625 0.201171875 0.5546875 0.240234375
0 0.85546875 0.658203125 0.89453125 0.619140625 0.85546875 0.619140625 0.89453125 0.658203125
0 0.828125 0.365234375 0.8671875 0.326171875 0.828125 0.326171875 0.8671875 0.365234375
0 0.47265625 0.884765625 0.51171875 0.845703125 0.47265625 0.845703125 0.51171875 0.884765625
0 0.064453125 0.880859375 0.103515625 0.841796875 0.064453125 0.841796875 0.103515625 0.880859375
0 0.56640625 0.484375 0.60546875 0.4453125 0.56640625 0.4453125 0.60546875 0.484375
