0 0.537109375 0.412109375 0.576171875 0.373046875 0.537109375 0.373046875 0.576171875 0.412109375
0 0.677734375 0.09375 0.716796875 0.0546875 0.677734375 0.0546875 0.716796875 0.09375
0 0.666015625 0.158203125 0.705078125 0.119140625 0.666015625 0.119140625 0.705078125 0.158203125
0 0.244140625 0.224609375 0.283203125 0.185546875 0.244140625 0.185546875 0.283203125 0.224609375
0 0.544921875 0.599609375 0.583984375 0.560546875 0.544921875 0.560546875 0.583984375 0.599609375
0 0.22265625 0.29296875 0.26171875 0.25390625 0.22265625 0.25390625 0.26171875 0.29296875
0 0.533203125 0.953125 0.572265625 0.9140625 0.533203125 0.9140625 0.572265625 0.953125
0 0.748046875 0.23046875 0.787109375 0.19140625 0.748046875 0.19140625 0.787109375 0.23046875
0 0.859375 0.380859375 0.8984375 0.341796875 0.859375 0.341796875 0.8984375 0.380859375
0 0.458984375 0.732421875 0.498046875 0.693359375 0.458984375 0.693359375 0.498046875 0.732421875
0 0.076171875 0.12890625 0.115234375 0.08984375 0.076171875 0.08984375 0.115234375 0.12890625
0 0.826171875 0.625 0.865234375 0.5859375 0.826171875 0.5859375 0.865234375 0.625
0 0.72265625 0.607421875 0.76171875 0.568359375 0.72265625 0.568359375 0.76171875 0.607421875
