0 0.75 0.095703125 0.7890625 0.056640625 0.75 0.056640625 0.7890625 0.095703125
0 0.275390625 0.13671875 0.314453125 0.09765625 0.275390625 0.09765625 0.314453125 0.13671875
0 0.43359375 0.4140625 0.47265625 0.375 0.43359375 0.375 0.47265625 0.4140625
0 0.158203125 0.658203125 0.197265625 0.619140625 0.158203125 0.619140625 0.197265625 0.658203125
0 0.787109375 0.828125 0.826171875 0.7890625 0.787109375 0.7890625 0.826171875 0.828125
0 0.615234375 0.33984375 0.654296875 0.30078125 0.615234375 0.30078125 0.654296875 0.33984375
0 0.44140625 0.751953125 0.48046875 0.712890625 0.44140625 0.712890625 0.48046875 0.751953125
0 0.79296875 0.91015625 0.83203125 0.87109375 0.79296875 0.87109375 0.83203125 0.91015625
0 0.5703125 0.3046875 0.609375 0.265625 0.5703125 0.265625 0.609375 0.3046875
0 0.736328125 0.41015625 0.775390625 0.37109375 0.736328125 0.37109375 0.775390625 0.41015625
