0 0.44140625 0.8984375 0.48046875 0.859375 0.44140625 0.859375 0.48046875 0.8984375
0 0.544921875 0.25 0.583984375 0.2109375 0.544921875 0.2109375 0.583984375 0.25
0 0.23046875 0.9609375 0.26953125 0.921875 0.23046875 0.921875 0.26953125 0.9609375
0 0.376953125 0.66796875 0.416015625 0.62890625 0.376953125 0.62890625 0.416015625 0.66796875
0 0.79296875 0.3125 0.83203125 0.2734375 0.79296875 0.2734375 0.83203125 0.3125
0 0.662109375 0.712890625 0.701171875 0.673828125 0.662109375 0.673828125 0.701171875 0.712890625
0 0.046875 0.09375 0.0859375 0.0546875 0.046875 0.0546875 0.0859375 0.09375
0 0.384765625 0.94921875 0.423828125 0.91015625 0.384765625 0.91015625 0.423828125 0.94921875
0 0.5703125 0.828125 0.609375 0.7890625 0.5703125 0.7890625 0.609375 0.828125
0 0.0859375 0.1171875 0.125 0.078125 0.0859375 0.078125 0.125 0.1171875
0 0.8828125 0.912109375 0.921875 0.873046875 0.8828125 0.873046875 0.921875 0.912109375
0 0.18359375 0.236328125 0.22265625 0.197265625 0.18359375 0.197265625 0.22265625 0.236328125
0 0.36328125 0.4921875 0.40234375 0.453125 0.36328125 0.453125 0.40234375 0.4921875
