0 0.857421875 0.6796875 0.896484375 0.640625 0.857421875 0.640625 0.896484375 0.6796875
0 0.513671875 0.28125 0.552734375 0.2421875 0.513671875 0.2421875 0.552734375 0.28125
0 0.44921875 0.744140625 0.48828125 0.705078125 0.44921875 0.705078125 0.48828125 0.744140625
0 0.78125 0.48046875 0.8203125 0.44140625 0.78125 0.44140625 0.8203125 0.48046875
0 0.693359375 0.140625 0.732421875 0.1015625 0.693359375 0.1015625 0.732421875 0.140625
0 0.3125 0.234375 0.3515625 0.1953125 0.3125 0.1953125 0.3515625 0.234375
0 0.287109375 0.912109375 0.326171875 0.873046875 0.287109375 0.873046875 0.326171875 0.912109375
0 0.326171875 0.287109375 0.365234375 0.248046875 0.326171875 0.248046875 0.365234375 0.287109375
0 0.361328125 0.796875 0.400390625 0.7578125 0.361328125 0.7578125 0.400390625 0.796875
0 0.462890625 0.447265625 0.501953125 0.408203125 0.462890625 0.408203125 0.501953125 0.447265625
0 0.3515625 0.50390625 0.390625 0.46484375 0.3515625 0.46484375 0.390625 0.50390625
0 0.126953125 0.568359375 0.166015625 0.529296875 0.126953125 0.529296875 0.166015625 0.568359375
0 0.435546875 0.810546875 0.474609375 0.771484375 0.435546875 0.771484375 0.474609375 0.810546875
