0 0.529296875 0.080078125 0.568359375 0.041015625 0.529296875 0.041015625 0.568359375 0.080078125
0 0.646484375 0.451171875 0.685546875 0.412109375 0.646484375 0.412109375 0.685546875 0.451171875
0 0.18359375 0.7265625 0.22265625 0.6875 0.18359375 0.6875 0.22265625 0.7265625
0 0.849609375 0.95703125 0.888671875 0.91796875 0.849609375 0.91796875 0.888671875 0.95703125
0 0.888671875 0.87109375 0.927734375 0.83203125 0.888671875 0.83203125 0.927734375 0.87109375
0 0.1484375 0.65234375 0.1875 0.61328125 0.1484375 0.61328125 0.1875 0.65234375
0 0.486328125 0.072265625 0.525390625 0.033203125 0.486328125 0.033203125 0.525390625 0.072265625
0 0.19140625 0.34765625 0.23046875 0.30859375 0.19140625 0.30859375 0.23046875 0.34765625
0 0.7265625 0.099609375 0.765625 0.060546875 0.7265625 0.060546875 0.765625 0.099609375
0 0.794921875 0.0703125 0.833984375 0.03125 0.794921875 0.03125 0.833984375 0.0703125
