0 0.908203125 0.37890625 0.947265625 0.33984375 0.908203125 0.33984375 0.947265625 0.37890625
0 0.318359375 0.90625 0.357421875 0.8671875 0.318359375 0.8671875 0.357421875 0.90625
0 0.34765625 0.962890625 0.38671875 0.923828125 0.34765625 0.923828125 0.38671875 0.962890625
0 0.802734375 0.43359375 0.841796875 0.39453125 0.802734375 0.39453125 0.841796875 0.43359375
0 0.1015625 0.255859375 0.140625 0.216796875 0.1015625 0.216796875 0.140625 0.255859375
0 0.20703125 0.705078125 0.24609375 0.666015625 0.20703125 0.666015625 0.24609375 0.705078125
0 0.796875 0.947265625 0.8359375 0.908203125 0.796875 0.908203125 0.8359375 0.947265625
0 0.3515625 0.3984375 0.390625 0.359375 0.3515625 0.359375 0.390625 0.3984375
0 0.609375 0.712890625 0.6484375 0.673828125 0.609375 0.673828125 0.6484375 0.712890625
0 0.521484375 0.671875 0.560546875 0.6328125 0.521484375 0.6328125 0.560546875 0.671875
0 0.447265625 0.6015625 0.486328125 0.5625 0.447265625 0.5625 0.486328125 0.6015625
