0 0.814453125 0.802734375 0.853515625 0.763671875 0.814453125 0.763671875 0.853515625 0.802734375
0 0.05078125 0.3828125 0.08984375 0.34375 0.05078125 0.34375 0.08984375 0.3828125
0 0.75 0.39453125 0.7890625 0.35546875 0.75 0.35546875 0.7890625 0.39453125
0 0.09375 0.140625 0.1328125 0.1015625 0.09375 0.1015625 0.1328125 0.140625
0 0.064453125 0.84765625 0.103515625 0.80859375 0.064453125 0.80859375 0.103515625 0.84765625
0 0.740234375 0.396484375 0.779296875 0.357421875 0.740234375 0.357421875 0.779296875 0.396484375
0 0.490234375 0.3515625 0.529296875 0.3125 0.490234375 0.3125 0.529296875 0.3515625
0 0.533203125 0.17578125 0.572265625 0.13671875 0.533203125 0.13671875 0.572265625 0.17578125
0 0.103515625 0.08203125 0.142578125 0.04296875 0.103515625 0.04296875 0.142578125 0.08203125
0 0.525390625 0.546875 0.564453125 0.5078125 0.525390625 0.5078125 0.564453125 0.546875
0 0.705078125 0.83203125 0.744140625 0.79296875 0.705078125 0.79296875 0.744140625 0.83203125
0 0.421875 0.22265625 0.4609375 0.18359375 0.421875 0.18359375 0.4609375 0.22265625
0 0.236328125 0.361328125 0.275390625 0.322265625 0.236328125 0.322265625 0.275390625 0.361328125
