0 0.73046875 0.4609375 0.76953125 0.421875 0.73046875 0.421875 0.76953125 0.4609375
0 0.56640625 0.439453125 0.60546875 0.400390625 0.56640625 0.400390625 0.60546875 0.439453125
0 0.90234375 0.154296875 0.94140625 0.115234375 0.90234375 0.115234375 0.94140625 0.154296875
0 0.435546875 0.5 0.474609375 0.4609375 0.435546875 0.4609375 0.474609375 0.5
0 0.595703125 0.7890625 0.634765625 0.75 0.595703125 0.75 0.634765625 0.7890625
0 0.138671875 0.30859375 0.177734375 0.26953125 0.138671875 0.26953125 0.177734375 0.30859375
0 0.1875 0.080078125 0.2265625 0.041015625 0.1875 0.041015625 0.2265625 0.080078125
0 0.8359375 0.2890625 0.875 0.25 0.8359375 0.25 0.875 0.2890625
0 0.478515625 0.369140625 0.517578125 0.330078125 0.478515625 0.330078125 0.517578125 0.369140625
0 0.82421875 0.54296875 0.86328125 0.50390625 0.82421875 0.50390625 0.86328125 0.54296875
0 0.1015625 0.806640625 0.140625 0.767578125 0.1015625 0.767578125 0.140625 0.806640625
0 0.62109375 0.640625 0.66015625 0.6015625 0.62109375 0.6015625 0.66015625 0.640625
