0 0.2421875 0.9140625 0.28125 0.875 0.2421875 0.875 0.28125 0.9140625
0 0.6484375 0.775390625 0.6875 0.736328125 0.6484375 0.736328125 0.6875 0.775390625
0 0.40234375 0.431640625 0.44140625 0.392578125 0.40234375 0.392578125 0.44140625 0.431640625
0 0.77734375 0.29296875 0.81640625 0.25390625 0.77734375 0.25390625 0.81640625 0.29296875
0 0.03515625 0.126953125 0.07421875 0.087890625 0.03515625 0.087890625 0.07421875 0.126953125
0 0.396484375 0.67578125 0.435546875 0.63671875 0.396484375 0.63671875 0.435546875 0.67578125
0 0.71484375 0.5859375 0.75390625 0.546875 0.71484375 0.546875 0.75390625 0.5859375
0 0.1015625 0.451171875 0.140625 0.412109375 0.1015625 0.412109375 0.140625 0.451171875
0 0.73828125 0.376953125 0.77734375 0.337890625 0.73828125 0.337890625 0.77734375 0.376953125
0 0.09375 0.78515625 0.1328125 0.74609375 0.09375 0.74609375 0.1328125 0.78515625
0 0.775390625 0.765625 0.814453125 0.7265625 0.775390625 0.7265625 0.814453125 0.765625
