0 0.099609375 0.26171875 0.138671875 0.22265625 0.099609375 0.22265625 0.138671875 0.26171875
0 0.35546875 0.5 0.39453125 0.4609375 0.35546875 0.4609375 0.39453125 0.5
0 0.197265625 0.9140625 0.236328125 0.875 0.197265625 0.875 0.236328125 0.9140625
0 0.369140625 0.1796875 0.408203125 0.140625 0.369140625 0.140625 0.408203125 0.1796875
0 0.099609375 0.228515625 0.138671875 0.189453125 0.099609375 0.189453125 0.138671875 0.228515625
0 0.228515625 0.822265625 0.267578125 0.783203125 0.228515625 0.783203125 0.267578125 0.822265625
0 0.38671875 0.59765625 0.42578125 0.55859375 0.38671875 0.55859375 0.42578125 0.59765625
0 0.61328125 0.560546875 0.65234375 0.521484375 0.61328125 0.521484375 0.65234375 0.560546875
0 0.193359375 0.53125 0.232421875 0.4921875 0.193359375 0.4921875 0.232421875 0.53125
0 0.65625 0.80859375 0.6953125 0.76953125 0.65625 0.76953125 0.6953125 0.80859375
