0 0.43359375 0.734375 0.47265625 0.6953125 0.43359375 0.6953125 0.47265625 0.734375
0 0.705078125 0.404296875 0.744140625 0.365234375 0.705078125 0.365234375 0.744140625 0.404296875
0 0.880859375 0.294921875 0.919921875 0.255859375 0.880859375 0.255859375 0.919921875 0.294921875
0 0.791015625 0.546875 0.830078125 0.5078125 0.791015625 0.5078125 0.830078125 0.546875
0 0.310546875 0.630859375 0.349609375 0.591796875 0.310546875 0.591796875 0.349609375 0.630859375
0 0.837890625 0.36328125 0.876953125 0.32421875 0.837890625 0.32421875 0.876953125 0.36328125
0 0.767578125 0.462890625 0.806640625 0.423828125 0.767578125 0.423828125 0.806640625 0.462890625
0 0.119140625 0.4296875 0.158203125 0.390625 0.119140625 0.390625 0.158203125 0.4296875
0 0.6328125 0.2734375 0.671875 0.234375 0.6328125 0.234375 0.671875 0.2734375
0 0.494140625 0.15625 0.533203125 0.1171875 0.494140625 0.1171875 0.533203125 0.15625
0 0.3203125 0.470703125 0.359375 0.431640625 0.3203125 0.431640625 0.359375 0.470703125
