0 0.859375 0.5078125 0.8984375 0.46875 0.859375 0.46875 0.8984375 0.5078125
0 0.412109375 0.7109375 0.451171875 0.671875 0.412109375 0.671875 0.451171875 0.7109375
0 0.67578125 0.48046875 0.71484375 0.44140625 0.67578125 0.44140625 0.71484375 0.48046875
0 0.431640625 0.099609375 0.470703125 0.060546875 0.431640625 0.060546875 0.470703125 0.099609375
0 0.658203125 0.8671875 0.697265625 0.828125 0.658203125 0.828125 0.697265625 0.8671875
0 0.888671875 0.451171875 0.927734375 0.412109375 0.888671875 0.412109375 0.927734375 0.451171875
0 0.73046875 0.31640625 0.76953125 0.27734375 0.73046875 0.27734375 0.76953125 0.31640625
0 0.583984375 0.51171875 0.623046875 0.47265625 0.583984375 0.47265625 0.623046875 0.51171875
0 0.044921875 0.552734375 0.083984375 0.513671875 0.044921875 0.513671875 0.083984375 0.552734375
0 0.658203125 0.369140625 0.697265625 0.330078125 0.658203125 0.330078125 0.697265625 0.369140625
0 0.392578125 0.669921875 0.431640625 0.630859375 0.392578125 0.630859375 0.431640625 0.669921875
0 0.62890625 0.119140625 0.66796875 0.080078125 0.62890625 0.080078125 0.66796875 0.119140625
0 0.826171875 0.48828125 0.865234375 0.44921875 0.826171875 0.44921875 0.865234375 0.48828125
