0 0.77734375 0.41015625 0.81640625 0.37109375 0.77734375 0.37109375 0.81640625 0.41015625
0 0.357421875 0.48828125 0.396484375 0.44921875 0.357421875 0.44921875 0.396484375 0.48828125
0 0.236328125 0.716796875 0.275390625 0.677734375 0.236328125 0.677734375 0.275390625 0.716796875
0 0.083984375 0.12890625 0.123046875 0.08984375 0.083984375 0.08984375 0.123046875 0.12890625
0 0.40625 0.4296875 0.4453125 0.390625 0.40625 0.390625 0.4453125 0.4296875
0 0.642578125 0.099609375 0.681640625 0.060546875 0.642578125 0.060546875 0.681640625 0.099609375
0 0.90625 0.810546875 0.9453125 0.771484375 0.90625 0.771484375 0.9453125 0.810546875
0 0.4453125 0.955078125 0.484375 0.916015625 0.4453125 0.916015625 0.484375 0.955078125
0 0.908203125 0.662109375 0.947265625 0.623046875 0.908203125 0.623046875 0.947265625 0.662109375
0 0.90625 0.80859375 0.9453125 0.76953125 0.90625 0.76953125 0.9453125 0.80859375
0 0.6328125 0.439453125 0.671875 0.400390625 0.6328125 0.400390625 0.671875 0.439453125
0 0.6640625 0.80078125 0.703125 0.76171875 0.6640625 0.76171875 0.703125 0.80078125
0 0.466796875 0.75 0.505859375 0.7109375 0.466796875 0.7109375 0.505859375 0.75
