0 0.15234375 0.8046875 0.19140625 0.765625 0.15234375 0.765625 0.19140625 0.8046875
0 0.412109375 0.578125 0.451171875 0.5390625 0.412109375 0.5390625 0.451171875 0.578125
0 0.623046875 0.123046875 0.662109375 0.083984375 0.623046875 0.083984375 0.662109375 0.123046875
0 0.875 0.580078125 0.9140625 0.541015625 0.875 0.541015625 0.9140625 0.580078125
0 0.3984375 0.21484375 0.4375 0.17578125 0.3984375 0.17578125 0.4375 0.21484375
0 0.41796875 0.376953125 0.45703125 0.337890625 0.41796875 0.337890625 0.45703125 0.376953125
0 0.87109375 0.32421875 0.91015625 0.28515625 0.87109375 0.28515625 0.91015625 0.32421875
0 0.58984375 0.7578125 0.62890625 0.71875 0.58984375 0.71875 0.62890625 0.7578125
0 0.716796875 0.298828125 0.755859375 0.259765625 0.716796875 0.259765625 0.755859375 0.298828125
0 0.392578125 0.42578125 0.431640625 0.38671875 0.392578125 0.38671875 0.431640625 0.42578125
0 0.810546875 0.35546875 0.849609375 0.31640625 0.810546875 0.31640625 0.849609375 0.35546875
0 0.755859375 0.79296875 0.794921875 0.75390625 0.755859375 0.75390625 0.794921875 0.79296875
0 0.724609375 0.4921875 0.763671875 0.453125 0.724609375 0.453125 0.763671875 0.4921875
