0 0.783203125 0.857421875 0.822265625 0.818359375 0.783203125 0.818359375 0.822265625 0.857421875
0 0.64453125 0.845703125 0.68359375 0.806640625 0.64453125 0.806640625 0.68359375 0.845703125
0 0.875 0.859375 0.9140625 0.8203125 0.875 0.8203125 0.9140625 0.859375
0 0.708984375 0.328125 0.748046875 0.2890625 0.708984375 0.2890625 0.748046875 0.328125
0 0.255859375 0.587890625 0.294921875 0.548828125 0.255859375 0.548828125 0.294921875 0.587890625
0 0.5234375 0.134765625 0.5625 0.095703125 0.5234375 0.095703125 0.5625 0.134765625
0 0.6875 0.220703125 0.7265625 0.181640625 0.6875 0.181640625 0.7265625 0.220703125
0 0.494140625 0.396484375 0.533203125 0.357421875 0.494140625 0.357421875 0.533203125 0.396484375
0 0.74609375 0.5625 0.78515625 0.5234375 0.74609375 0.5234375 0.78515625 0.5625
0 0.119140625 0.623046875 0.158203125 0.583984375 0.119140625 0.583984375 0.158203125 0.623046875
0 0.251953125 0.359375 0.291015625 0.3203125 0.251953125 0.3203125 0.291015625 0.359375
