0 0.78515625 0.12890625 0.82421875 0.08984375 0.78515625 0.08984375 0.82421875 0.12890625
0 0.677734375 0.091796875 0.716796875 0.052734375 0.677734375 0.052734375 0.716796875 0.091796875
0 0.75390625 0.22265625 0.79296875 0.18359375 0.75390625 0.18359375 0.79296875 0.22265625
0 0.08203125 0.154296875 0.12109375 0.115234375 0.08203125 0.115234375 0.12109375 0.154296875
0 0.251953125 0.19140625 0.291015625 0.15234375 0.251953125 0.15234375 0.291015625 0.19140625
0 0.23046875 0.123046875 0.26953125 0.083984375 0.23046875 0.083984375 0.26953125 0.123046875
0 0.689453125 0.111328125 0.728515625 0.072265625 0.689453125 0.072265625 0.728515625 0.111328125
0 0.896484375 0.6796875 0.935546875 0.640625 0.896484375 0.640625 0.935546875 0.6796875
0 0.458984375 0.40234375 0.498046875 0.36328125 0.458984375 0.36328125 0.498046875 0.40234375
0 0.232421875 0.65625 0.271484375 0.6171875 0.232421875 0.6171875 0.271484375 0.65625
0 0.12890625 0.95703125 0.16796875 0.91796875 0.12890625 0.91796875 0.16796875 0.95703125
0 0.865234375 0.607421875 0.904296875 0.568359375 0.865234375 0.568359375 0.904296875 0.607421875
