0 0.685546875 0.779296875 0.724609375 0.740234375 0.685546875 0.740234375 0.724609375 0.779296875
0 0.3125 0.63671875 0.3515625 0.59765625 0.3125 0.59765625 0.3515625 0.63671875
0 0.70703125 0.341796875 0.74609375 0.302734375 0.70703125 0.302734375 0.74609375 0.341796875
0 0.64453125 0.861328125 0.68359375 0.822265625 0.64453125 0.822265625 0.68359375 0.861328125
0 0.92578125 0.900390625 0.96484375 0.861328125 0.92578125 0.861328125 0.96484375 0.900390625
0 0.47265625 0.16796875 0.51171875 0.12890625 0.47265625 0.12890625 0.51171875 0.16796875
0 0.583984375 0.28125 0.623046875 0.2421875 0.583984375 0.2421875 0.623046875 0.28125
0 0.376953125 0.21484375 0.416015625 0.17578125 0.376953125 0.17578125 0.416015625 0.21484375
0 0.826171875 0.66015625 0.865234375 0.62109375 0.826171875 0.62109375 0.865234375 0.66015625
0 0.83984375 0.435546875 0.87890625 0.396484375 0.83984375 0.396484375 0.87890625 0.435546875
0 0.029296875 0.943359375 0.068359375 0.904296875 0.029296875 0.904296875 0.068359375 0.943359375
