0 0.396484375 0.7734375 0.435546875 0.734375 0.396484375 0.734375 0.435546875 0.7734375
0 0.06640625 0.595703125 0.10546875 0.556640625 0.06640625 0.556640625 0.10546875 0.595703125
0 0.40625 0.1875 0.4453125 0.1484375 0.40625 0.1484375 0.4453125 0.1875
0 0.0625 0.5859375 0.1015625 0.546875 0.0625 0.546875 0.1015625 0.5859375
0 0.205078125 0.888671875 0.244140625 0.849609375 0.205078125 0.849609375 0.244140625 0.888671875
0 0.189453125 0.294921875 0.228515625 0.255859375 0.189453125 0.255859375 0.228515625 0.294921875
0 0.77734375 0.369140625 0.81640625 0.330078125 0.77734375 0.330078125 0.81640625 0.369140625
0 0.326171875 0.642578125 0.365234375 0.603515625 0.326171875 0.603515625 0.365234375 0.642578125
0 0.033203125 0.484375 0.072265625 0.4453125 0.033203125 0.4453125 0.072265625 0.484375
0 0.57421875 0.66796875 0.61328125 0.62890625 0.57421875 0.62890625 0.61328125 0.66796875
0 0.087890625 0.873046875 0.126953125 0.833984375 0.087890625 0.833984375 0.126953125 0.873046875
