0 0.56640625 0.45703125 0.60546875 0.41796875 0.56640625 0.41796875 0.60546875 0.45703125
0 0.267578125 0.53515625 0.306640625 0.49609375 0.267578125 0.49609375 0.306640625 0.53515625
0 0.298828125 0.7890625 0.337890625 0.75 0.298828125 0.75 0.337890625 0.7890625
0 0.587890625 0.51171875 0.626953125 0.47265625 0.587890625 0.47265625 0.626953125 0.51171875
0 0.7890625 0.53515625 0.828125 0.49609375 0.7890625 0.49609375 0.828125 0.53515625
0 0.845703125 0.66796875 0.884765625 0.62890625 0.845703125 0.62890625 0.884765625 0.66796875
0 0.03125 0.447265625 0.0703125 0.408203125 0.03125 0.408203125 0.0703125 0.447265625
0 0.666015625 0.640625 0.705078125 0.6015625 0.666015625 0.6015625 0.705078125 0.640625
0 0.47265625 0.783203125 0.51171875 0.744140625 0.47265625 0.744140625 0.51171875 0.783203125
0 0.33984375 0.8515625 0.37890625 0.8125 0.33984375 0.8125 0.37890625 0.8515625
0 0.0546875 0.279296875 0.09375 0.240234375 0.0546875 0.240234375 0.09375 0.279296875
0 0.802734375 0.517578125 0.841796875 0.478515625 0.802734375 0.478515625 0.841796875 0.517578125
0 0.796875 0.3515625 0.8359375 0.3125 0.796875 0.3125 0.8359375 0.3515625
0 0.08203125 0.353515625 0.12109375 0.314453125 0.08203125 0.314453125 0.12109375 0.353515625
