0 0.26953125 0.55078125 0.30859375 0.51171875 0.26953125 0.51171875 0.30859375 0.55078125
0 0.275390625 0.6171875 0.314453125 0.578125 0.275390625 0.578125 0.314453125 0.6171875
0 0.265625 0.953125 0.3046875 0.9140625 0.265625 0.9140625 0.3046875 0.953125
0 0.234375 0.6640625 0.2734375 0.625 0.234375 0.625 0.2734375 0.6640625
0 0.10546875 0.21875 0.14453125 0.1796875 0.10546875 0.1796875 0.14453125 0.21875
0 0.439453125 0.669921875 0.478515625 0.630859375 0.439453125 0.630859375 0.478515625 0.669921875
0 0.576171875 0.287109375 0.615234375 0.248046875 0.576171875 0.248046875 0.615234375 0.287109375
0 0.109375 0.84375 0.1484375 0.8046875 0.109375 0.8046875 0.1484375 0.84375
0 0.421875 0.431640625 0.4609375 0.392578125 0.421875 0.392578125 0.4609375 0.431640625
0 0.896484375 0.1640625 0.935546875 0.125 0.896484375 0.125 0.935546875 0.1640625
0 0.064453125 0.798828125 0.103515625 0.759765625 0.064453125 0.759765625 0.103515625 0.798828125
0 0.25 0.6640625 0.2890625 0.625 0.25 0.625 0.2890625 0.6640625
