0 0.615234375 0.72265625 0.654296875 0.68359375 0.615234375 0.68359375 0.654296875 0.72265625
0 0.248046875 0.291015625 0.287109375 0.251953125 0.248046875 0.251953125 0.287109375 0.291015625
0 0.76953125 0.421875 0.80859375 0.3828125 0.76953125 0.3828125 0.80859375 0.421875
0 0.3828125 0.53515625 0.421875 0.49609375 0.3828125 0.49609375 0.421875 0.53515625
0 0.14453125 0.126953125 0.18359375 0.087890625 0.14453125 0.087890625 0.18359375 0.126953125
0 0.25 0.51953125 0.2890625 0.48046875 0.25 0.48046875 0.2890625 0.51953125
0 0.365234375 0.111328125 0.404296875 0.072265625 0.365234375 0.072265625 0.404296875 0.111328125
0 0.70703125 0.64453125 0.74609375 0.60546875 0.70703125 0.60546875 0.74609375 0.64453125
0 0.240234375 0.806640625 0.279296875 0.767578125 0.240234375 0.767578125 0.279296875 0.806640625
0 0.71875 0.37109375 0.7578125 0.33203125 0.71875 0.33203125 0.7578125 0.37109375
0 0.3203125 0.447265625 0.359375 0.408203125 0.3203125 0.408203125 0.359375 0.447265625
0 0.298828125 0.55078125 0.337890625 0.51171875 0.298828125 0.51171875 0.337890625 0.55078125
