0 0.181640625 0.30078125 0.220703125 0.26171875 0.181640625 0.26171875 0.220703125 0.30078125
0 0.37890625 0.341796875 0.41796875 0.302734375 0.37890625 0.302734375 0.41796875 0.341796875
0 0.244140625 0.130859375 0.283203125 0.091796875 0.244140625 0.091796875 0.283203125 0.130859375
0 0.322265625 0.310546875 0.361328125 0.271484375 0.322265625 0.271484375 0.361328125 0.310546875
0 0.78125 0.876953125 0.8203125 0.837890625 0.78125 0.837890625 0.8203125 0.876953125
0 0.369140625 0.734375 0.408203125 0.6953125 0.369140625 0.6953125 0.408203125 0.734375
0 0.501953125 0.92578125 0.541015625 0.88671875 0.501953125 0.88671875 0.541015625 0.92578125
0 0.62890625 0.1953125 0.66796875 0.15625 0.62890625 0.15625 0.66796875 0.1953125
0 0.685546875 0.755859375 0.724609375 0.716796875 0.685546875 0.716796875 0.724609375 0.755859375
0 0.544921875 0.658203125 0.583984375 0.619140625 0.544921875 0.619140625 0.583984375 0.658203125
0 0.9296875 0.90625 0.96875 0.8671875 0.9296875 0.8671875 0.96875 0.90625
0 0.587890625 0.57421875 0.626953125 0.53515625 0.587890625 0.53515625 0.626953125 0.57421875
0 0.873046875 0.15625 0.912109375 0.1171875 0.873046875 0.1171875 0.912109375 0.15625
0 0.5546875 0.703125 0.59375 0.6640625 0.5546875 0.6640625 0.59375 0.703125
