0 0.19140625 0.435546875 0.23046875 0.396484375 0.19140625 0.396484375 0.23046875 0.435546875
0 0.234375 0.8359375 0.2734375 0.796875 0.234375 0.796875 0.2734375 0.8359375
0 0.326171875 0.701171875 0.365234375 0.662109375 0.326171875 0.662109375 0.365234375 0.701171875
0 0.07421875 0.751953125 0.11328125 0.712890625 0.07421875 0.712890625 0.11328125 0.751953125
0 0.447265625 0.541015625 0.486328125 0.501953125 0.447265625 0.501953125 0.486328125 0.541015625
0 0.2421875 0.78515625 0.28125 0.74609375 0.2421875 0.74609375 0.28125 0.78515625
0 0.263671875 0.89453125 0.302734375 0.85546875 0.263671875 0.85546875 0.302734375 0.89453125
0 0.673828125 0.302734375 0.712890625 0.263671875 0.673828125 0.263671875 0.712890625 0.302734375
0 0.42578125 0.205078125 0.46484375 0.166015625 0.42578125 0.166015625 0.46484375 0.205078125
0 0.65234375 0.15625 0.69140625 0.1171875 0.65234375 0.1171875 0.69140625 0.15625
0 0.896484375 0.78125 0.935546875 0.7421875 0.896484375 0.7421875 0.935546875 0.78125
0 0.419921875 0.087890625 0.458984375 0.048828125 0.419921875 0.048828125 0.458984375 0.087890625
