0 0.041015625 0.212890625 0.080078125 0.173828125 0.041015625 0.173828125 0.080078125 0.212890625
0 0.205078125 0.892578125 0.244140625 0.853515625 0.205078125 0.853515625 0.244140625 0.892578125
0 0.380859375 0.13671875 0.419921875 0.09765625 0.380859375 0.09765625 0.419921875 0.13671875
0 0.123046875 0.80859375 0.162109375 0.76953125 0.123046875 0.76953125 0.162109375 0.80859375
0 0.0859375 0.8203125 0.125 0.78125 0.0859375 0.78125 0.125 0.8203125
0 0.7578125 0.2734375 0.796875 0.234375 0.7578125 0.234375 0.796875 0.2734375
0 0.85546875 0.294921875 0.89453125 0.255859375 0.85546875 0.255859375 0.89453125 0.294921875
0 0.033203125 0.203125 0.072265625 0.1640625 0.033203125 0.1640625 0.072265625 0.203125
0 0.1171875 0.85546875 0.15625 0.81640625 0.1171875 0.81640625 0.15625 0.85546875
0 0.05859375 0.396484375 0.09765625 0.357421875 0.05859375 0.357421875 0.09765625 0.396484375
0 0.62890625 0.935546875 0.66796875 0.896484375 0.62890625 0.896484375 0.66796875 0.935546875
