0 0.142578125 0.44921875 0.181640625 0.41015625 0.142578125 0.41015625 0.181640625 0.44921875
0 0.326171875 0.923828125 0.365234375 0.884765625 0.326171875 0.884765625 0.365234375 0.923828125
0 0.69140625 0.548828125 0.73046875 0.509765625 0.69140625 0.509765625 0.73046875 0.548828125
0 0.07421875 0.177734375 0.11328125 0.138671875 0.07421875 0.138671875 0.11328125 0.177734375
0 0.12109375 0.294921875 0.16015625 0.255859375 0.12109375 0.255859375 0.16015625 0.294921875
0 0.548828125 0.83984375 0.587890625 0.80078125 0.548828125 0.80078125 0.587890625 0.83984375
0 0.57421875 0.138671875 0.61328125 0.099609375 0.57421875 0.099609375 0.61328125 0.138671875
0 0.505859375 0.580078125 0.544921875 0.541015625 0.505859375 0.541015625 0.544921875 0.580078125
0 0.474609375 0.50390625 0.513671875 0.46484375 0.474609375 0.46484375 0.513671875 0.50390625
0 0.169921875 0.197265625 0.208984375 0.158203125 0.169921875 0.158203125 0.208984375 0.197265625
