0 0.259765625 0.685546875 0.298828125 0.646484375 0.259765625 0.646484375 0.298828125 0.685546875
0 0.685546875 0.943359375 0.724609375 0.904296875 0.685546875 0.904296875 0.724609375 0.943359375
0 0.560546875 0.2265625 0.599609375 0.1875 0.560546875 0.1875 0.599609375 0.2265625
0 0.88671875 0.30078125 0.92578125 0.26171875 0.88671875 0.26171875 0.92578125 0.30078125
0 0.818359375 0.46484375 0.857421875 0.42578125 0.818359375 0.42578125 0.857421875 0.46484375
0 0.2578125 0.619140625 0.296875 0.580078125 0.2578125 0.580078125 0.296875 0.619140625
0 0.27734375 0.826171875 0.31640625 0.787109375 0.27734375 0.787109375 0.31640625 0.826171875
0 0.748046875 0.267578125 0.787109375 0.228515625 0.748046875 0.228515625 0.787109375 0.267578125
0 0.3671875 0.41796875 0.40625 0.37890625 0.3671875 0.37890625 0.40625 0.41796875
0 0.51953125 0.427734375 0.55859375 0.388671875 0.51953125 0.388671875 0.55859375 0.427734375
0 0.271484375 0.5546875 0.310546875 0.515625 0.271484375 0.515625 0.310546875 0.5546875
