0 0.28125 0.150390625 0.3203125 0.111328125 0.28125 0.111328125 0.3203125 0.150390625
0 0.779296875 0.46875 0.818359375 0.4296875 0.779296875 0.4296875 0.818359375 0.46875
0 0.26953125 0.916015625 0.30859375 0.876953125 0.26953125 0.876953125 0.30859375 0.916015625
0 0.044921875 0.93359375 0.083984375 0.89453125 0.044921875 0.89453125 0.083984375 0.93359375
0 0.759765625 0.869140625 0.798828125 0.830078125 0.759765625 0.830078125 0.798828125 0.869140625
0 0.61328125 0.40234375 0.65234375 0.36328125 0.61328125 0.36328125 0.65234375 0.40234375
0 0.60546875 0.22265625 0.64453125 0.18359375 0.60546875 0.18359375 0.64453125 0.22265625
0 0.265625 0.845703125 0.3046875 0.806640625 0.265625 0.806640625 0.3046875 0.845703125
0 0.35546875 0.578125 0.39453125 0.5390625 0.35546875 0.5390625 0.39453125 0.578125
0 0.072265625 0.642578125 0.111328125 0.603515625 0.072265625 0.603515625 0.111328125 0.642578125
0 0.80078125 0.556640625 0.83984375 0.517578125 0.80078125 0.517578125 0.83984375 0.556640625
