0 0.244140625 0.521484375 0.283203125 0.482421875 0.244140625 0.482421875 0.283203125 0.521484375
0 0.23046875 0.814453125 0.26953125 0.775390625 0.23046875 0.775390625 0.26953125 0.814453125
0 0.41796875 0.515625 0.45703125 0.4765625 0.41796875 0.4765625 0.45703125 0.515625
0 0.865234375 0.408203125 0.904296875 0.369140625 0.865234375 0.369140625 0.904296875 0.408203125
0 0.265625 0.16015625 0.3046875 0.12109375 0.265625 0.12109375 0.3046875 0.16015625
0 0.201171875 0.154296875 0.240234375 0.115234375 0.201171875 0.115234375 0.240234375 0.154296875
0 0.197265625 0.376953125 0.236328125 0.337890625 0.197265625 0.337890625 0.236328125 0.376953125
0 0.333984375 0.11328125 0.373046875 0.07421875 0.333984375 0.07421875 0.373046875 0.11328125
0 0.91015625 0.607421875 0.94921875 0.568359375 0.91015625 0.568359375 0.94921875 0.607421875
0 0.84375 0.759765625 0.8828125 0.720703125 0.84375 0.720703125 0.8828125 0.759765625
