0 0.705078125 0.466796875 0.744140625 0.427734375 0.705078125 0.427734375 0.744140625 0.466796875
0 0.47265625 0.224609375 0.51171875 0.185546875 0.47265625 0.185546875 0.51171875 0.224609375
0 0.435546875 0.5078125 0.474609375 0.46875 0.435546875 0.46875 0.474609375 0.5078125
0 0.5234375 0.427734375 0.5625 0.388671875 0.5234375 0.388671875 0.5625 0.427734375
0 0.466796875 0.66015625 0.505859375 0.62109375 0.466796875 0.62109375 0.505859375 0.66015625
0 0.80859375 0.630859375 0.84765625 0.591796875 0.80859375 0.591796875 0.84765625 0.630859375
0 0.484375 0.833984375 0.5234375 0.794921875 0.484375 0.794921875 0.5234375 0.833984375
0 0.59765625 0.75390625 0.63671875 0.71484375 0.59765625 0.71484375 0.63671875 0.75390625
0 0.37890625 0.732421875 0.41796875 0.693359375 0.37890625 0.693359375 0.41796875 0.732421875
0 0.185546875 0.26171875 0.224609375 0.22265625 0.185546875 0.22265625 0.224609375 0.26171875
0 0.85546875 0.81640625 0.89453125 0.77734375 0.85546875 0.77734375 0.89453125 0.81640625
0 0.72265625 0.1796875 0.76171875 0.140625 0.72265625 0.140625 0.76171875 0.1796875
0 0.31640625 0.759765625 0.35546875 0.720703125 0.31640625 0.720703125 0.35546875 0.759765625
0 0.25 0.197265625 0.2890625 0.158203125 0.25 0.158203125 0.2890625 0.197265625
