0 0.876953125 0.677734375 0.916015625 0.638671875 0.876953125 0.638671875 0.916015625 0.677734375
0 0.048828125 0.849609375 0.087890625 0.810546875 0.048828125 0.810546875 0.087890625 0.849609375
0 0.88671875 0.8671875 0.92578125 0.828125 0.88671875 0.828125 0.92578125 0.8671875
0 0.765625 0.59375 0.8046875 0.5546875 0.765625 0.5546875 0.8046875 0.59375
0 0.78515625 0.138671875 0.82421875 0.099609375 0.78515625 0.099609375 0.82421875 0.138671875
0 0.7109375 0.349609375 0.75 0.310546875 0.7109375 0.310546875 0.75 0.349609375
0 0.763671875 0.873046875 0.802734375 0.833984375 0.763671875 0.833984375 0.802734375 0.873046875
0 0.2421875 0.212890625 0.28125 0.173828125 0.2421875 0.173828125 0.28125 0.212890625
0 0.166015625 0.46875 0.205078125 0.4296875 0.166015625 0.4296875 0.205078125 0.46875
0 0.119140625 0.173828125 0.158203125 0.134765625 0.119140625 0.134765625 0.158203125 0.173828125
0 0.177734375 0.857421875 0.216796875 0.818359375 0.177734375 0.818359375 0.216796875 0.857421875
0 0.4609375 0.68359375 0.5 0.64453125 0.4609375 0.64453125 0.5 0.68359375
0 0.8515625 0.888671875 0.890625 0.849609375 0.8515625 0.849609375 0.890625 0.888671875
0 0.32421875 0.724609375 0.36328125 0.685546875 0.32421875 0.685546875 0.36328125 0.724609375
