0 0.23828125 0.94921875 0.27734375 0.91015625 0.23828125 0.91015625 0.27734375 0.94921875
0 0.294921875 0.3359375 0.333984375 0.296875 0.294921875 0.296875 0.333984375 0.3359375
0 0.65625 0.51953125 0.6953125 0.48046875 0.65625 0.48046875 0.6953125 0.51953125
0 0.80078125 0.251953125 0.83984375 0.212890625 0.80078125 0.212890625 0.83984375 0.251953125
0 0.24609375 0.61328125 0.28515625 0.57421875 0.24609375 0.57421875 0.28515625 0.61328125
0 0.693359375 0.7265625 0.732421875 0.6875 0.693359375 0.6875 0.732421875 0.7265625
0 0.06640625 0.33984375 0.10546875 0.30078125 0.06640625 0.30078125 0.10546875 0.33984375
0 0.890625 0.12890625 0.9296875 0.08984375 0.890625 0.08984375 0.9296875 0.12890625
0 0.609375 0.87109375 0.6484375 0.83203125 0.609375 0.83203125 0.6484375 0.87109375
0 0.783203125 0.486328125 0.822265625 0.447265625 0.783203125 0.447265625 0.822265625 0.486328125
0 0.80078125 0.81640625 0.83984375 0.77734375 0.80078125 0.77734375 0.83984375 0.81640625
0 0.888671875 0.07421875 0.927734375 0.03515625 0.888671875 0.03515625 0.927734375 0.07421875
0 0.7734375 0.650390625 0.8125 0.611328125 0.7734375 0.611328125 0.8125 0.650390625
0 0.3046875 0.685546875 0.34375 0.646484375 0.3046875 0.646484375 0.34375 0.685546875
