0 0.330078125 0.501953125 0.369140625 0.462890625 0.330078125 0.462890625 0.369140625 0.501953125
0 0.603515625 0.16015625 0.642578125 0.12109375 0.603515625 0.12109375 0.642578125 0.16015625
0 0.150390625 0.951171875 0.189453125 0.912109375 0.150390625 0.912109375 0.189453125 0.951171875
0 0.529296875 0.181640625 0.568359375 0.142578125 0.529296875 0.142578125 0.568359375 0.181640625
0 0.71875 0.548828125 0.7578125 0.509765625 0.71875 0.509765625 0.7578125 0.548828125
0 0.759765625 0.94140625 0.798828125 0.90234375 0.759765625 0.90234375 0.798828125 0.94140625
0 0.8125 0.884765625 0.8515625 0.845703125 0.8125 0.845703125 0.8515625 0.884765625
0 0.26953125 0.177734375 0.30859375 0.138671875 0.26953125 0.138671875 0.30859375 0.177734375
0 0.68359375 0.53125 0.72265625 0.4921875 0.68359375 0.4921875 0.72265625 0.53125
0 0.037109375 0.62109375 0.076171875 0.58203125 0.037109375 0.58203125 0.076171875 0.62109375
0 0.517578125 0.115234375 0.556640625 0.076171875 0.517578125 0.076171875 0.556640625 0.115234375
0 0.90234375 0.662109375 0.94140625 0.623046875 0.90234375 0.623046875 0.94140625 0.662109375
0 0.640625 0.705078125 0.6796875 0.666015625 0.640625 0.666015625 0.6796875 0.705078125
0 0.751953125 0.703125 0.791015625 0.6640625 0.751953125 0.6640625 0.791015625 0.703125
