0 0.63671875 0.958984375 0.67578125 0.919921875 0.63671875 0.919921875 0.67578125 0.958984375
0 0.173828125 0.912109375 0.212890625 0.873046875 0.173828125 0.873046875 0.212890625 0.912109375
0 0.642578125 0.92578125 0.681640625 0.88671875 0.642578125 0.88671875 0.681640625 0.92578125
0 0.857421875 0.6875 0.896484375 0.6484375 0.857421875 0.6484375 0.896484375 0.6875
0 0.681640625 0.337890625 0.720703125 0.298828125 0.681640625 0.298828125 0.720703125 0.337890625
0 0.64453125 0.3046875 0.68359375 0.265625 0.64453125 0.265625 0.68359375 0.3046875
0 0.4765625 0.3671875 0.515625 0.328125 0.4765625 0.328125 0.515625 0.3671875
0 0.7265625 0.220703125 0.765625 0.181640625 0.7265625 0.181640625 0.765625 0.220703125
0 0.654296875 0.173828125 0.693359375 0.134765625 0.654296875 0.134765625 0.693359375 0.173828125
0 0.8203125 0.732421875 0.859375 0.693359375 0.8203125 0.693359375 0.859375 0.732421875
