0 0.482421875 0.525390625 0.521484375 0.486328125 0.482421875 0.486328125 0.521484375 0.525390625
0 0.6640625 0.3359375 0.703125 0.296875 0.6640625 0.296875 0.703125 0.3359375
0 0.802734375 0.134765625 0.841796875 0.095703125 0.802734375 0.095703125 0.841796875 0.134765625
0 0.689453125 0.525390625 0.728515625 0.486328125 0.689453125 0.486328125 0.728515625 0.525390625
0 0.904296875 0.32421875 0.943359375 0.28515625 0.904296875 0.28515625 0.943359375 0.32421875
0 0.607421875 0.390625 0.646484375 0.3515625 0.607421875 0.3515625 0.646484375 0.390625
0 0.16015625 0.83984375 0.19921875 0.80078125 0.16015625 0.80078125 0.19921875 0.83984375
0 0.78125 0.1640625 0.8203125 0.125 0.78125 0.125 0.8203125 0.1640625
0 0.24609375 0.07421875 0.28515625 0.03515625 0.24609375 0.03515625 0.28515625 0.07421875
0 0.23046875 0.640625 0.26953125 0.6015625 0.23046875 0.6015625 0.26953125 0.640625
