0 0.333984375 0.341796875 0.373046875 0.302734375 0.333984375 0.302734375 0.373046875 0.341796875
0 0.904296875 0.7109375 0.943359375 0.671875 0.904296875 0.671875 0.943359375 0.7109375
0 0.501953125 0.66015625 0.541015625 0.62109375 0.501953125 0.62109375 0.541015625 0.66015625
0 0.060546875 0.60546875 0.099609375 0.56640625 0.060546875 0.56640625 0.099609375 0.60546875
0 0.498046875 0.25 0.537109375 0.2109375 0.498046875 0.2109375 0.537109375 0.25
0 0.462890625 0.484375 0.501953125 0.4453125 0.462890625 0.4453125 0.501953125 0.484375
0 0.279296875 0.669921875 0.318359375 0.630859375 0.279296875 0.630859375 0.318359375 0.669921875
0 0.478515625 0.748046875 0.517578125 0.708984375 0.478515625 0.708984375 0.517578125 0.748046875
0 0.478515625 0.8515625 0.517578125 0.8125 0.478515625 0.8125 0.517578125 0.8515625
0 0.8984375 0.375 0.9375 0.3359375 0.8984375 0.3359375 0.9375 0.375
0 0.712890625 0.380859375 0.751953125 0.341796875 0.712890625 0.341796875 0.751953125 0.380859375
0 0.8828125 0.505859375 0.921875 0.466796875 0.8828125 0.466796875 0.921875 0.505859375
0 0.76953125 0.685546875 0.80859375 0.646484375 0.76953125 0.646484375 0.80859375 0.685546875
0 0.173828125 0.330078125 0.212890625 0.291015625 0.173828125 0.291015625 0.212890625 0.330078125
