0 0.44140625 0.677734375 0.48046875 0.638671875 0.44140625 0.638671875 0.48046875 0.677734375
0 0.419921875 0.7578125 0.458984375 0.71875 0.419921875 0.71875 0.458984375 0.7578125
0 0.185546875 0.169921875 0.224609375 0.130859375 0.185546875 0.130859375 0.224609375 0.169921875
0 0.4140625 0.76953125 0.453125 0.73046875 0.4140625 0.73046875 0.453125 0.76953125
0 0.46875 0.794921875 0.5078125 0.755859375 0.46875 0.755859375 0.5078125 0.794921875
0 0.66796875 0.791015625 0.70703125 0.751953125 0.66796875 0.751953125 0.70703125 0.791015625
0 0.728515625 0.89453125 0.767578125 0.85546875 0.728515625 0.85546875 0.767578125 0.89453125
0 0.0390625 0.423828125 0.078125 0.384765625 0.0390625 0.384765625 0.078125 0.423828125
0 0.42578125 0.482421875 0.46484375 0.443359375 0.42578125 0.443359375 0.46484375 0.482421875
0 0.857421875 0.42578125 0.896484375 0.38671875 0.857421875 0.38671875 0.896484375 0.42578125
0 0.234375 0.267578125 0.2734375 0.228515625 0.234375 0.228515625 0.2734375 0.267578125
