0 0.900390625 0.328125 0.939453125 0.2890625 0.900390625 0.2890625 0.939453125 0.328125
0 0.529296875 0.5703125 0.568359375 0.53125 0.529296875 0.53125 0.568359375 0.5703125
0 0.546875 0.71875 0.5859375 0.6796875 0.546875 0.6796875 0.5859375 0.71875
0 0.05859375 0.341796875 0.09765625 0.302734375 0.05859375 0.302734375 0.09765625 0.341796875
0 0.765625 0.28125 0.8046875 0.2421875 0.765625 0.2421875 0.8046875 0.28125
0 0.20703125 0.29296875 0.24609375 0.25390625 0.20703125 0.25390625 0.24609375 0.29296875
0 0.322265625 0.90234375 0.361328125 0.86328125 0.322265625 0.86328125 0.361328125 0.90234375
0 0.3515625 0.376953125 0.390625 0.337890625 0.3515625 0.337890625 0.390625 0.376953125
0 0.5390625 0.32421875 0.578125 0.28515625 0.5390625 0.28515625 0.578125 0.32421875
0 0.697265625 0.390625 0.736328125 0.3515625 0.697265625 0.3515625 0.736328125 0.390625
0 0.033203125 0.341796875 0.072265625 0.302734375 0.033203125 0.302734375 0.072265625 0.341796875
0 0.837890625 0.859375 0.876953125 0.8203125 0.837890625 0.8203125 0.876953125 0.859375
0 0.53515625 0.82421875 0.57421875 0.78515625 0.53515625 0.78515625 0.57421875 0.82421875
