0 0.421875 0.111328125 0.4609375 0.072265625 0.421875 0.072265625 0.4609375 0.111328125
0 0.8046875 0.810546875 0.84375 0.771484375 0.8046875 0.771484375 0.84375 0.810546875
0 0.265625 0.330078125 0.3046875 0.291015625 0.265625 0.291015625 0.3046875 0.330078125
0 0.2421875 0.611328125 0.28125 0.572265625 0.2421875 0.572265625 0.28125 0.611328125
0 0.783203125 0.279296875 0.822265625 0.240234375 0.783203125 0.240234375 0.822265625 0.279296875
0 0.162109375 0.529296875 0.201171875 0.490234375 0.162109375 0.490234375 0.201171875 0.529296875
0 0.8125 0.76171875 0.8515625 0.72265625 0.8125 0.72265625 0.8515625 0.76171875
0 0.4453125 0.5546875 0.484375 0.515625 0.4453125 0.515625 0.484375 0.5546875
0 0.212890625 0.6875 0.251953125 0.6484375 0.212890625 0.6484375 0.251953125 0.6875
0 0.666015625 0.955078125 0.705078125 0.916015625 0.666015625 0.916015625 0.705078125 0.955078125
