0 0.5546875 0.595703125 0.59375 0.556640625 0.5546875 0.556640625 0.59375 0.595703125
0 0.6171875 0.333984375 0.65625 0.294921875 0.6171875 0.294921875 0.65625 0.333984375
0 0.357421875 0.9140625 0.396484375 0.875 0.357421875 0.875 0.396484375 0.9140625
0 0.740234375 0.08984375 0.779296875 0.05078125 0.740234375 0.05078125 0.779296875 0.08984375
0 0.244140625 0.43359375 0.283203125 0.39453125 0.244140625 0.39453125 0.283203125 0.43359375
0 0.3984375 0.962890625 0.4375 0.923828125 0.3984375 0.923828125 0.4375 0.962890625
0 0.083984375 0.458984375 0.123046875 0.419921875 0.083984375 0.419921875 0.123046875 0.458984375
0 0.671875 0.529296875 0.7109375 0.490234375 0.671875 0.490234375 0.7109375 0.529296875
0 0.451171875 0.083984375 0.490234375 0.044921875 0.451171875 0.044921875 0.490234375 0.083984375
0 0.443359375 0.185546875 0.482421875 0.146484375 0.443359375 0.146484375 0.482421875 0.185546875
