0 0.759765625 0.744140625 0.798828125 0.705078125 0.759765625 0.705078125 0.798828125 0.744140625
0 0.796875 0.62890625 0.8359375 0.58984375 0.796875 0.58984375 0.8359375 0.62890625
0 0.271484375 0.474609375 0.310546875 0.435546875 0.271484375 0.435546875 0.310546875 0.474609375
0 0.07421875 0.1640625 0.11328125 0.125 0.07421875 0.125 0.11328125 0.1640625
0 0.26953125 0.423828125 0.30859375 0.384765625 0.26953125 0.384765625 0.30859375 0.423828125
0 0.12890625 0.3125 0.16796875 0.2734375 0.12890625 0.2734375 0.16796875 0.3125
0 0.84765625 0.431640625 0.88671875 0.392578125 0.84765625 0.392578125 0.88671875 0.431640625
0 0.470703125 0.1953125 0.509765625 0.15625 0.470703125 0.15625 0.509765625 0.1953125
0 0.759765625 0.43359375 0.798828125 0.39453125 0.759765625 0.39453125 0.798828125 0.43359375
0 0.615234375 0.4609375 0.654296875 0.421875 0.615234375 0.421875 0.654296875 0.4609375
0 0.423828125 0.212890625 0.462890625 0.173828125 0.423828125 0.173828125 0.462890625 0.212890625
0 0.109375 0.64453125 0.1484375 0.60546875 0.109375 0.60546875 0.1484375 0.64453125
0 0.267578125 0.76953125 0.306640625 0.73046875 0.267578125 0.73046875 0.306640625 0.76953125
0 0.71484375 0.365234375 0.75390625 0.326171875 0.71484375 0.326171875 0.75390625 0.365234375
