0 0.490234375 0.92578125 0.529296875 0.88671875 0.490234375 0.88671875 0.529296875 0.92578125
0 0.615234375 0.201171875 0.654296875 0.162109375 0.615234375 0.162109375 0.654296875 0.201171875
0 0.751953125 0.1796875 0.791015625 0.140625 0.751953125 0.140625 0.791015625 0.1796875
0 0.779296875 0.10546875 0.818359375 0.06640625 0.779296875 0.06640625 0.818359375 0.10546875
0 0.49609375 0.767578125 0.53515625 0.728515625 0.49609375 0.728515625 0.53515625 0.767578125
0 0.1328125 0.810546875 0.171875 0.771484375 0.1328125 0.771484375 0.171875 0.810546875
0 0.755859375 0.62890625 0.794921875 0.58984375 0.755859375 0.58984375 0.794921875 0.62890625
0 0.109375 0.95703125 0.1484375 0.91796875 0.109375 0.91796875 0.1484375 0.95703125
0 0.927734375 0.509765625 0.966796875 0.470703125 0.927734375 0.470703125 0.966796875 0.509765625
0 0.33203125 0.416015625 0.37109375 0.376953125 0.33203125 0.376953125 0.37109375 0.416015625
0 0.21875 0.388671875 0.2578125 0.349609375 0.21875 0.349609375 0.2578125 0.388671875
