0 0.533203125 0.78515625 0.572265625 0.74609375 0.533203125 0.74609375 0.572265625 0.78515625
0 0.08203125 0.31640625 0.12109375 0.27734375 0.08203125 0.27734375 0.12109375 0.31640625
0 0.0546875 0.697265625 0.09375 0.658203125 0.0546875 0.658203125 0.09375 0.697265625
0 0.810546875 0.953125 0.849609375 0.9140625 0.810546875 0.9140625 0.849609375 0.953125
0 0.43359375 0.96484375 0.47265625 0.92578125 0.43359375 0.92578125 0.47265625 0.96484375
0 0.865234375 0.302734375 0.904296875 0.263671875 0.865234375 0.263671875 0.904296875 0.302734375
0 0.365234375 0.078125 0.404296875 0.0390625 0.365234375 0.0390625 0.404296875 0.078125
0 0.595703125 0.83984375 0.634765625 0.80078125 0.595703125 0.80078125 0.634765625 0.83984375
0 0.8984375 0.28515625 0.9375 0.24609375 0.8984375 0.24609375 0.9375 0.28515625
0 0.71484375 0.3671875 0.75390625 0.328125 0.71484375 0.328125 0.75390625 0.3671875
0 0.302734375 0.220703125 0.341796875 0.181640625 0.302734375 0.181640625 0.341796875 0.220703125
0 0.521484375 0.09375 0.560546875 0.0546875 0.521484375 0.0546875 0.560546875 0.09375
0 0.36328125 0.61328125 0.40234375 0.57421875 0.36328125 0.57421875 0.40234375 0.61328125
0 0.353515625 0.4453125 0.392578125 0.40625 0.353515625 0.40625 0.392578125 0.4453125
