0 0.060546875 0.294921875 0.099609375 0.255859375 0.060546875 0.255859375 0.099609375 0.294921875
0 0.326171875 0.5234375 0.365234375 0.484375 0.326171875 0.484375 0.365234375 0.5234375
0 0.390625 0.42578125 0.4296875 0.38671875 0.390625 0.38671875 0.4296875 0.42578125
0 0.919921875 0.265625 0.958984375 0.2265625 0.919921875 0.2265625 0.958984375 0.265625
0 0.7578125 0.8671875 0.796875 0.828125 0.7578125 0.828125 0.796875 0.8671875
0 0.2734375 0.728515625 0.3125 0.689453125 0.2734375 0.689453125 0.3125 0.728515625
0 0.099609375 0.10546875 0.138671875 0.06640625 0.099609375 0.06640625 0.138671875 0.10546875
0 0.244140625 0.8359375 0.283203125 0.796875 0.244140625 0.796875 0.283203125 0.8359375
0 0.24609375 0.8203125 0.28515625 0.78125 0.24609375 0.78125 0.28515625 0.8203125
0 0.478515625 0.201171875 0.517578125 0.162109375 0.478515625 0.162109375 0.517578125 0.201171875
0 0.87109375 0.546875 0.91015625 0.5078125 0.87109375 0.5078125 0.91015625 0.546875
0 0.12109375 0.908203125 0.16015625 0.869140625 0.12109375 0.869140625 0.16015625 0.908203125
0 0.404296875 0.30078125 0.443359375 0.26171875 0.404296875 0.26171875 0.443359375 0.30078125
