0 0.046875 0.59375 0.0859375 0.5546875 0.046875 0.5546875 0.0859375 0.59375
0 0.73046875 0.623046875 0.76953125 0.583984375 0.73046875 0.583984375 0.76953125 0.623046875
0 0.76953125 0.544921875 0.80859375 0.505859375 0.76953125 0.505859375 0.80859375 0.544921875
0 0.697265625 0.26171875 0.736328125 0.22265625 0.697265625 0.22265625 0.736328125 0.26171875
0 0.06640625 0.919921875 0.10546875 0.880859375 0.06640625 0.880859375 0.10546875 0.919921875
0 0.701171875 0.859375 0.740234375 0.8203125 0.701171875 0.8203125 0.740234375 0.859375
0 0.595703125 0.138671875 0.634765625 0.099609375 0.595703125 0.099609375 0.634765625 0.138671875
0 0.4765625 0.236328125 0.515625 0.197265625 0.4765625 0.197265625 0.515625 0.236328125
0 0.4453125 0.650390625 0.484375 0.611328125 0.4453125 0.611328125 0.484375 0.650390625
0 0.59765625 0.37890625 0.63671875 0.33984375 0.59765625 0.33984375 0.63671875 0.37890625
0 0.884765625 0.7421875 0.923828125 0.703125 0.884765625 0.703125 0.923828125 0.7421875
0 0.59765625 0.876953125 0.63671875 0.837890625 0.59765625 0.837890625 0.63671875 0.876953125
