0 0.4921875 0.654296875 0.53125 0.615234375 0.4921875 0.615234375 0.53125 0.654296875
0 0.3359375 0.888671875 0.375 0.849609375 0.3359375 0.849609375 0.375 0.888671875
0 0.744140625 0.521484375 0.783203125 0.482421875 0.744140625 0.482421875 0.783203125 0.521484375
0 0.634765625 0.4609375 0.673828125 0.421875 0.634765625 0.421875 0.673828125 0.4609375
0 0.705078125 0.60546875 0.744140625 0.56640625 0.705078125 0.56640625 0.744140625 0.60546875
0 0.583984375 0.560546875 0.623046875 0.521484375 0.583984375 0.521484375 0.623046875 0.560546875
0 0.0625 0.71875 0.1015625 0.6796875 0.0625 0.6796875 0.1015625 0.71875
0 0.36328125 0.658203125 0.40234375 0.619140625 0.36328125 0.619140625 0.40234375 0.658203125
0 0.421875 0.6953125 0.4609375 0.65625 0.421875 0.65625 0.4609375 0.6953125
0 0.142578125 0.67578125 0.181640625 0.63671875 0.142578125 0.63671875 0.181640625 0.67578125
0 0.37890625 0.48828125 0.41796875 0.44921875 0.37890625 0.44921875 0.41796875 0.48828125
0 0.708984375 0.236328125 0.748046875 0.197265625 0.708984375 0.197265625 0.748046875 0.236328125
0 0.69140625 0.767578125 0.73046875 0.728515625 0.69140625 0.728515625 0.73046875 0.767578125
