0 0.50390625 0.12890625 0.54296875 0.08984375 0.50390625 0.08984375 0.54296875 0.12890625
0 0.68359375 0.96875 0.72265625 0.9296875 0.68359375 0.9296875 0.72265625 0.96875
0 0.517578125 0.662109375 0.556640625 0.623046875 0.517578125 0.623046875 0.556640625 0.662109375
0 0.43359375 0.3828125 0.47265625 0.34375 0.43359375 0.34375 0.47265625 0.3828125
0 0.037109375 0.76171875 0.076171875 0.72265625 0.037109375 0.72265625 0.076171875 0.76171875
0 0.646484375 0.95703125 0.685546875 0.91796875 0.646484375 0.91796875 0.685546875 0.95703125
0 0.884765625 0.533203125 0.923828125 0.494140625 0.884765625 0.494140625 0.923828125 0.533203125
0 0.837890625 0.390625 0.876953125 0.3515625 0.837890625 0.3515625 0.876953125 0.390625
0 0.66015625 0.533203125 0.69921875 0.494140625 0.66015625 0.494140625 0.69921875 0.533203125
0 0.5078125 0.859375 0.546875 0.8203125 0.5078125 0.8203125 0.546875 0.859375
