0 0.6640625 0.759765625 0.703125 0.720703125 0.6640625 0.720703125 0.703125 0.759765625
0 0.220703125 0.447265625 0.259765625 0.408203125 0.220703125 0.408203125 0.259765625 0.447265625
0 0.27734375 0.353515625 0.31640625 0.314453125 0.27734375 0.314453125 0.31640625 0.353515625
0 0.158203125 0.876953125 0.197265625 0.837890625 0.158203125 0.837890625 0.197265625 0.876953125
0 0.806640625 0.896484375 0.845703125 0.857421875 0.806640625 0.857421875 0.845703125 0.896484375
0 0.173828125 0.783203125 0.212890625 0.744140625 0.173828125 0.744140625 0.212890625 0.783203125
0 0.716796875 0.5390625 0.755859375 0.5 0.716796875 0.5 0.755859375 0.5390625
0 0.119140625 0.345703125 0.158203125 0.306640625 0.119140625 0.306640625 0.158203125 0.345703125
0 0.919921875 0.740234375 0.958984375 0.701171875 0.919921875 0.701171875 0.958984375 0.740234375
0 0.8203125 0.2578125 0.859375 0.21875 0.8203125 0.21875 0.859375 0.2578125
0 0.783203125 0.61328125 0.822265625 0.57421875 0.783203125 0.57421875 0.822265625 0.61328125
0 0.33203125 0.8828125 0.37109375 0.84375 0.33203125 0.84375 0.37109375 0.8828125
0 0.666015625 0.92578125 0.705078125 0.88671875 0.666015625 0.88671875 0.705078125 0.92578125
