0 0.35546875 0.392578125 0.39453125 0.353515625 0.35546875 0.353515625 0.39453125 0.392578125
0 0.533203125 0.962890625 0.572265625 0.923828125 0.533203125 0.923828125 0.572265625 0.962890625
0 0.3671875 0.66796875 0.40625 0.62890625 0.3671875 0.62890625 0.40625 0.66796875
0 0.8203125 0.890625 0.859375 0.8515625 0.8203125 0.8515625 0.859375 0.890625
0 0.837890625 0.453125 0.876953125 0.4140625 0.837890625 0.4140625 0.876953125 0.453125
0 0.5859375 0.3125 0.625 0.2734375 0.5859375 0.2734375 0.625 0.3125
0 0.396484375 0.955078125 0.435546875 0.916015625 0.396484375 0.916015625 0.435546875 0.955078125
0 0.265625 0.619140625 0.3046875 0.580078125 0.265625 0.580078125 0.3046875 0.619140625
0 0.06640625 0.517578125 0.10546875 0.478515625 0.06640625 0.478515625 0.10546875 0.517578125
0 0.111328125 0.919921875 0.150390625 0.880859375 0.111328125 0.880859375 0.150390625 0.919921875
0 0.568359375 0.279296875 0.607421875 0.240234375 0.568359375 0.240234375 0.607421875 0.279296875
0 0.349609375 0.7265625 0.388671875 0.6875 0.349609375 0.6875 0.388671875 0.7265625
