0 0.736328125 0.58203125 0.775390625 0.54296875 0.736328125 0.54296875 0.775390625 0.58203125
0 0.0703125 0.30859375 0.109375 0.26953125 0.0703125 0.26953125 0.109375 0.30859375
0 0.59765625 0.138671875 0.63671875 0.099609375 0.59765625 0.099609375 0.63671875 0.138671875
0 0.759765625 0.61328125 0.798828125 0.57421875 0.759765625 0.57421875 0.798828125 0.61328125
0 0.740234375 0.18359375 0.779296875 0.14453125 0.740234375 0.14453125 0.779296875 0.18359375
0 0.677734375 0.375 0.716796875 0.3359375 0.677734375 0.3359375 0.716796875 0.375
0 0.87109375 0.521484375 0.91015625 0.482421875 0.87109375 0.482421875 0.91015625 0.521484375
0 0.751953125 0.224609375 0.791015625 0.185546875 0.751953125 0.185546875 0.791015625 0.224609375
0 0.05859375 0.8359375 0.09765625 0.796875 0.05859375 0.796875 0.09765625 0.8359375
0 0.919921875 0.126953125 0.958984375 0.087890625 0.919921875 0.087890625 0.958984375 0.126953125
0 0.23046875 0.291015625 0.26953125 0.251953125 0.23046875 0.251953125 0.26953125 0.291015625
0 0.31640625 0.591796875 0.35546875 0.552734375 0.31640625 0.552734375 0.35546875 0.591796875
