0 0.84765625 0.396484375 0.88671875 0.357421875 0.84765625 0.357421875 0.88671875 0.396484375
0 0.328125 0.087890625 0.3671875 0.048828125 0.328125 0.048828125 0.3671875 0.087890625
0 0.13671875 0.6484375 0.17578125 0.609375 0.13671875 0.609375 0.17578125 0.6484375
0 0.03515625 0.748046875 0.07421875 0.708984375 0.03515625 0.708984375 0.07421875 0.748046875
0 0.41015625 0.5 0.44921875 0.4609375 0.41015625 0.4609375 0.44921875 0.5
0 0.529296875 0.16015625 0.568359375 0.12109375 0.529296875 0.12109375 0.568359375 0.16015625
0 0.03515625 0.76953125 0.07421875 0.73046875 0.03515625 0.73046875 0.07421875 0.76953125
0 0.5234375 0.56640625 0.5625 0.52734375 0.5234375 0.52734375 0.5625 0.56640625
0 0.08984375 0.669921875 0.12890625 0.630859375 0.08984375 0.630859375 0.12890625 0.669921875
0 0.31640625 0.56640625 0.35546875 0.52734375 0.31640625 0.52734375 0.35546875 0.56640625
0 0.470703125 0.447265625 0.509765625 0.408203125 0.470703125 0.408203125 0.509765625 0.447265625
0 0.888671875 0.134765625 0.927734375 0.095703125 0.888671875 0.095703125 0.927734375 0.134765625
0 0.73046875 0.271484375 0.76953125 0.232421875 0.73046875 0.232421875 0.76953125 0.271484375
