0 0.076171875 0.361328125 0.115234375 0.322265625 0.076171875 0.322265625 0.115234375 0.361328125
0 0.205078125 0.587890625 0.244140625 0.548828125 0.205078125 0.548828125 0.244140625 0.587890625
0 0.8671875 0.615234375 0.90625 0.576171875 0.8671875 0.576171875 0.90625 0.615234375
0 0.302734375 0.521484375 0.341796875 0.482421875 0.302734375 0.482421875 0.341796875 0.521484375
0 0.857421875 0.333984375 0.896484375 0.294921875 0.857421875 0.294921875 0.896484375 0.333984375
0 0.46875 0.810546875 0.5078125 0.771484375 0.46875 0.771484375 0.5078125 0.810546875
0 0.666015625 0.47265625 0.705078125 0.43359375 0.666015625 0.43359375 0.705078125 0.47265625
0 0.837890625 0.451171875 0.876953125 0.412109375 0.837890625 0.412109375 0.876953125 0.451171875
0 0.390625 0.3046875 0.4296875 0.265625 0.390625 0.265625 0.4296875 0.3046875
0 0.09765625 0.556640625 0.13671875 0.517578125 0.09765625 0.517578125 0.13671875 0.556640625
