0 0.05859375 0.58203125 0.09765625 0.54296875 0.05859375 0.54296875 0.09765625 0.58203125
0 0.578125 0.462890625 0.6171875 0.423828125 0.578125 0.423828125 0.6171875 0.462890625
0 0.189453125 0.3671875 0.228515625 0.328125 0.189453125 0.328125 0.228515625 0.3671875
0 0.880859375 0.953125 0.919921875 0.9140625 0.880859375 0.9140625 0.919921875 0.953125
0 0.25390625 0.873046875 0.29296875 0.833984375 0.25390625 0.833984375 0.29296875 0.873046875
0 0.369140625 0.43359375 0.408203125 0.39453125 0.369140625 0.39453125 0.408203125 0.43359375
0 0.578125 0.548828125 0.6171875 0.509765625 0.578125 0.509765625 0.6171875 0.548828125
0 0.91015625 0.1640625 0.94921875 0.125 0.91015625 0.125 0.94921875 0.1640625
0 0.24609375 0.8046875 0.28515625 0.765625 0.24609375 0.765625 0.28515625 0.8046875
0 0.775390625 0.091796875 0.814453125 0.052734375 0.775390625 0.052734375 0.814453125 0.091796875
0 0.3125 0.1484375 0.3515625 0.109375 0.3125 0.109375 0.3515625 0.1484375
0 0.3046875 0.65234375 0.34375 0.61328125 0.3046875 0.61328125 0.34375 0.65234375
0 0.748046875 0.673828125 0.787109375 0.634765625 0.748046875 0.634765625 0.787109375 0.673828125
0 0.046875 0.697265625 0.0859375 0.658203125 0.046875 0.658203125 0.0859375 0.697265625
