0 0.4609375 0.8125 0.5 0.7734375 0.4609375 0.7734375 0.5 0.8125
0 0.279296875 0.0859375 0.318359375 0.046875 0.279296875 0.046875 0.318359375 0.0859375
0 0.677734375 0.697265625 0.716796875 0.658203125 0.677734375 0.658203125 0.716796875 0.697265625
0 0.890625 0.12890625 0.9296875 0.08984375 0.890625 0.08984375 0.9296875 0.12890625
0 0.296875 0.783203125 0.3359375 0.744140625 0.296875 0.744140625 0.3359375 0.783203125
0 0.248046875 0.314453125 0.287109375 0.275390625 0.248046875 0.275390625 0.287109375 0.314453125
0 0.326171875 0.716796875 0.365234375 0.677734375 0.326171875 0.677734375 0.365234375 0.716796875
0 0.65234375 0.490234375 0.69140625 0.451171875 0.65234375 0.451171875 0.69140625 0.490234375
0 0.869140625 0.1015625 0.908203125 0.0625 0.869140625 0.0625 0.908203125 0.1015625
0 0.818359375 0.83984375 0.857421875 0.80078125 0.818359375 0.80078125 0.857421875 0.83984375
0 0.1953125 0.21484375 0.234375 0.17578125 0.1953125 0.17578125 0.234375 0.21484375
