0 0.53125 0.4609375 0.5703125 0.421875 0.53125 0.421875 0.5703125 0.4609375
0 0.8671875 0.498046875 0.90625 0.458984375 0.8671875 0.458984375 0.90625 0.498046875
0 0.109375 0.79296875 0.1484375 0.75390625 0.109375 0.75390625 0.1484375 0.79296875
0 0.2578125 0.279296875 0.296875 0.240234375 0.2578125 0.240234375 0.296875 0.279296875
0 0.376953125 0.529296875 0.416015625 0.490234375 0.376953125 0.490234375 0.416015625 0.529296875
0 0.482421875 0.42578125 0.521484375 0.38671875 0.482421875 0.38671875 0.521484375 0.42578125
0 0.078125 0.890625 0.1171875 0.8515625 0.078125 0.8515625 0.1171875 0.890625
0 0.525390625 0.2578125 0.564453125 0.21875 0.525390625 0.21875 0.564453125 0.2578125
0 0.890625 0.8046875 0.9296875 0.765625 0.890625 0.765625 0.9296875 0.8046875
0 0.61328125 0.294921875 0.65234375 0.255859375 0.61328125 0.255859375 0.65234375 0.294921875
0 0.498046875 0.15234375 0.537109375 0.11328125 0.498046875 0.11328125 0.537109375 0.15234375
0 0.529296875 0.376953125 0.568359375 0.337890625 0.529296875 0.337890625 0.568359375 0.376953125
