0 0.787109375 0.759765625 0.826171875 0.720703125 0.787109375 0.720703125 0.826171875 0.759765625
0 0.91015625 0.392578125 0.94921875 0.353515625 0.91015625 0.353515625 0.94921875 0.392578125
0 0.87109375 0.626953125 0.91015625 0.587890625 0.87109375 0.587890625 0.91015625 0.626953125
0 0.083984375 0.5390625 0.123046875 0.5 0.083984375 0.5 0.123046875 0.5390625
0 0.50390625 0.076171875 0.54296875 0.037109375 0.50390625 0.037109375 0.54296875 0.076171875
0 0.765625 0.177734375 0.8046875 0.138671875 0.765625 0.138671875 0.8046875 0.177734375
0 0.61328125 0.701171875 0.65234375 0.662109375 0.61328125 0.662109375 0.65234375 0.701171875
0 0.53125 0.154296875 0.5703125 0.115234375 0.53125 0.115234375 0.5703125 0.154296875
0 0.369140625 0.609375 0.408203125 0.5703125 0.369140625 0.5703125 0.408203125 0.609375
0 0.7265625 0.470703125 0.765625 0.431640625 0.7265625 0.431640625 0.765625 0.470703125
0 0.5 0.095703125 0.5390625 0.056640625 0.5 0.056640625 0.5390625 0.095703125
0 0.3125 0.53515625 0.3515625 0.49609375 0.3125 0.49609375 0.3515625 0.53515625
0 0.552734375 0.90625 0.591796875 0.8671875 0.552734375 0.8671875 0.591796875 0.90625
0 0.896484375 0.203125 0.935546875 0.1640625 0.896484375 0.1640625 0.935546875 0.203125
