0 0.513671875 0.30078125 0.552734375 0.26171875 0.513671875 0.26171875 0.552734375 0.30078125
0 0.740234375 0.240234375 0.779296875 0.201171875 0.740234375 0.201171875 0.779296875 0.240234375
0 0.18359375 0.423828125 0.22265625 0.384765625 0.18359375 0.384765625 0.22265625 0.423828125
0 0.927734375 0.203125 0.966796875 0.1640625 0.927734375 0.1640625 0.966796875 0.203125
0 0.720703125 0.73828125 0.759765625 0.69921875 0.720703125 0.69921875 0.759765625 0.73828125
0 0.115234375 0.1875 0.154296875 0.1484375 0.115234375 0.1484375 0.154296875 0.1875
0 0.46875 0.615234375 0.5078125 0.576171875 0.46875 0.576171875 0.5078125 0.615234375
0 0.4921875 0.74609375 0.53125 0.70703125 0.4921875 0.70703125 0.53125 0.74609375
0 0.3046875 0.798828125 0.34375 0.759765625 0.3046875 0.759765625 0.34375 0.798828125
0 0.55859375 0.458984375 0.59765625 0.419921875 0.55859375 0.419921875 0.59765625 0.458984375
0 0.681640625 0.375 0.720703125 0.3359375 0.681640625 0.3359375 0.720703125 0.375
