0 0.810546875 0.09765625 0.849609375 0.05859375 0.810546875 0.05859375 0.849609375 0.09765625
0 0.638671875 0.8203125 0.677734375 0.78125 0.638671875 0.78125 0.677734375 0.8203125
0 0.671875 0.74609375 0.7109375 0.70703125 0.671875 0.70703125 0.7109375 0.74609375
0 0.8984375 0.91015625 0.9375 0.87109375 0.8984375 0.87109375 0.9375 0.91015625
0 0.033203125 0.88671875 0.072265625 0.84765625 0.033203125 0.84765625 0.072265625 0.88671875
0 0.751953125 0.12890625 0.791015625 0.08984375 0.751953125 0.08984375 0.791015625 0.12890625
0 0.787109375 0.072265625 0.826171875 0.033203125 0.787109375 0.033203125 0.826171875 0.072265625
0 0.76171875 0.294921875 0.80078125 0.255859375 0.76171875 0.255859375 0.80078125 0.294921875
0 0.48828125 0.76171875 0.52734375 0.72265625 0.48828125 0.72265625 0.52734375 0.76171875
0 0.5625 0.771484375 0.6015625 0.732421875 0.5625 0.732421875 0.6015625 0.771484375
