0 0.451171875 0.67578125 0.490234375 0.63671875 0.451171875 0.63671875 0.490234375 0.67578125
0 0.751953125 0.087890625 0.791015625 0.048828125 0.751953125 0.048828125 0.791015625 0.087890625
0 0.275390625 0.94140625 0.314453125 0.90234375 0.275390625 0.90234375 0.314453125 0.94140625
0 0.15234375 0.611328125 0.19140625 0.572265625 0.15234375 0.572265625 0.19140625 0.611328125
0 0.271484375 0.732421875 0.310546875 0.693359375 0.271484375 0.693359375 0.310546875 0.732421875
0 0.59375 0.78125 0.6328125 0.7421875 0.59375 0.7421875 0.6328125 0.78125
0 0.16015625 0.890625 0.19921875 0.8515625 0.16015625 0.8515625 0.19921875 0.890625
0 0.111328125 0.595703125 0.150390625 0.556640625 0.111328125 0.556640625 0.150390625 0.595703125
0 0.6796875 0.79296875 0.71875 0.75390625 0.6796875 0.75390625 0.71875 0.79296875
0 0.32421875 0.6640625 0.36328125 0.625 0.32421875 0.625 0.36328125 0.6640625
0 0.064453125 0.80859375 0.103515625 0.76953125 0.064453125 0.76953125 0.103515625 0.80859375
0 0.63671875 0.693359375 0.67578125 0.654296875 0.63671875 0.654296875 0.67578125 0.693359375
0 0.119140625 0.853515625 0.158203125 0.814453125 0.119140625 0.814453125 0.158203125 0.853515625
0 0.681640625 0.94921875 0.720703125 0.91015625 0.681640625 0.91015625 0.720703125 0.94921875
