0 0.0625 0.822265625 0.1015625 0.783203125 0.0625 0.783203125 0.1015625 0.822265625
0 0.625 0.52734375 0.6640625 0.48828125 0.625 0.48828125 0.6640625 0.52734375
0 0.544921875 0.10546875 0.583984375 0.06640625 0.544921875 0.06640625 0.583984375 0.10546875
0 0.18359375 0.958984375 0.22265625 0.919921875 0.18359375 0.919921875 0.22265625 0.958984375
0 0.810546875 0.373046875 0.849609375 0.333984375 0.810546875 0.333984375 0.849609375 0.373046875
0 0.314453125 0.873046875 0.353515625 0.833984375 0.314453125 0.833984375 0.353515625 0.873046875
0 0.53515625 0.529296875 0.57421875 0.490234375 0.53515625 0.490234375 0.57421875 0.529296875
0 0.55078125 0.748046875 0.58984375 0.708984375 0.55078125 0.708984375 0.58984375 0.748046875
0 0.826171875 0.515625 0.865234375 0.4765625 0.826171875 0.4765625 0.865234375 0.515625
0 0.849609375 0.068359375 0.888671875 0.029296875 0.849609375 0.029296875 0.888671875 0.068359375
0 0.71875 0.455078125 0.7578125 0.416015625 0.71875 0.416015625 0.7578125 0.455078125
0 0.458984375 0.498046875 0.498046875 0.458984375 0.458984375 0.458984375 0.498046875 0.498046875
0 0.041015625 0.75390625 0.080078125 0.71484375 0.041015625 0.71484375 0.080078125 0.75390625
