0 0.876953125 0.416015625 0.916015625 0.376953125 0.876953125 0.376953125 0.916015625 0.416015625
0 0.908203125 0.751953125 0.947265625 0.712890625 0.908203125 0.712890625 0.947265625 0.751953125
0 0.833984375 0.56640625 0.873046875 0.52734375 0.833984375 0.52734375 0.873046875 0.56640625
0 0.51953125 0.365234375 0.55859375 0.326171875 0.51953125 0.326171875 0.55859375 0.365234375
0 0.609375 0.091796875 0.6484375 0.052734375 0.609375 0.052734375 0.6484375 0.091796875
0 0.59375 0.259765625 0.6328125 0.220703125 0.59375 0.220703125 0.6328125 0.259765625
0 0.20703125 0.68359375 0.24609375 0.64453125 0.20703125 0.64453125 0.24609375 0.68359375
0 0.11328125 0.83203125 0.15234375 0.79296875 0.11328125 0.79296875 0.15234375 0.83203125
0 0.49609375 0.09375 0.53515625 0.0546875 0.49609375 0.0546875 0.53515625 0.09375
0 0.712890625 0.849609375 0.751953125 0.810546875 0.712890625 0.810546875 0.751953125 0.849609375
0 0.599609375 0.26171875 0.638671875 0.22265625 0.599609375 0.22265625 0.638671875 0.26171875
