0 0.49609375 0.236328125 0.53515625 0.197265625 0.49609375 0.197265625 0.53515625 0.236328125
0 0.037109375 0.1875 0.076171875 0.1484375 0.037109375 0.1484375 0.076171875 0.1875
0 0.248046875 0.958984375 0.287109375 0.919921875 0.248046875 0.919921875 0.287109375 0.958984375
0 0.412109375 0.1640625 0.451171875 0.125 0.412109375 0.125 0.451171875 0.1640625
0 0.4453125 0.498046875 0.484375 0.458984375 0.4453125 0.458984375 0.484375 0.498046875
0 0.35546875 0.60546875 0.39453125 0.56640625 0.35546875 0.56640625 0.39453125 0.60546875
0 0.7578125 0.189453125 0.796875 0.150390625 0.7578125 0.150390625 0.796875 0.189453125
0 0.294921875 0.345703125 0.333984375 0.306640625 0.294921875 0.306640625 0.333984375 0.345703125
0 0.86328125 0.484375 0.90234375 0.4453125 0.86328125 0.4453125 0.90234375 0.484375
0 0.166015625 0.779296875 0.205078125 0.740234375 0.166015625 0.740234375 0.205078125 0.779296875
