0 0.59375 0.1796875 0.6328125 0.140625 0.59375 0.140625 0.6328125 0.1796875
0 0.111328125 0.890625 0.150390625 0.8515625 0.111328125 0.8515625 0.150390625 0.890625
0 0.736328125 0.68359375 0.775390625 0.64453125 0.736328125 0.64453125 0.775390625 0.68359375
0 0.72265625 0.3515625 0.76171875 0.3125 0.72265625 0.3125 0.76171875 0.3515625
0 0.74609375 0.666015625 0.78515625 0.626953125 0.74609375 0.626953125 0.78515625 0.666015625
0 0.71484375 0.23046875 0.75390625 0.19140625 0.71484375 0.19140625 0.75390625 0.23046875
0 0.396484375 0.84375 0.435546875 0.8046875 0.396484375 0.8046875 0.435546875 0.84375
0 0.23046875 0.09375 0.26953125 0.0546875 0.23046875 0.0546875 0.26953125 0.09375
0 0.091796875 0.84375 0.130859375 0.8046875 0.091796875 0.8046875 0.130859375 0.84375
0 0.4375 0.796875 0.4765625 0.7578125 0.4375 0.7578125 0.4765625 0.796875
0 0.494140625 0.2734375 0.533203125 0.234375 0.494140625 0.234375 0.533203125 0.2734375
0 0.052734375 0.814453125 0.091796875 0.775390625 0.052734375 0.775390625 0.091796875 0.814453125
0 0.30859375 0.935546875 0.34765625 0.896484375 0.30859375 0.896484375 0.34765625 0.935546875
0 0.896484375 0.7109375 0.935546875 0.671875 0.896484375 0.671875 0.935546875 0.7109375
