0 0.642578125 0.294921875 0.681640625 0.255859375 0.642578125 0.255859375 0.681640625 0.294921875
0 0.28125 0.94140625 0.3203125 0.90234375 0.28125 0.90234375 0.3203125 0.94140625
0 0.533203125 0.361328125 0.572265625 0.322265625 0.533203125 0.322265625 0.572265625 0.361328125
0 0.513671875 0.162109375 0.552734375 0.123046875 0.513671875 0.123046875 0.552734375 0.162109375
0 0.19140625 0.568359375 0.23046875 0.529296875 0.19140625 0.529296875 0.23046875 0.568359375
0 0.091796875 0.171875 0.130859375 0.1328125 0.091796875 0.1328125 0.130859375 0.171875
0 0.384765625 0.1328125 0.423828125 0.09375 0.384765625 0.09375 0.423828125 0.1328125
0 0.771484375 0.935546875 0.810546875 0.896484375 0.771484375 0.896484375 0.810546875 0.935546875
0 0.2109375 0.8359375 0.25 0.796875 0.2109375 0.796875 0.25 0.8359375
0 0.416015625 0.119140625 0.455078125 0.080078125 0.416015625 0.080078125 0.455078125 0.119140625
