0 0.345703125 0.587890625 0.384765625 0.548828125 0.345703125 0.548828125 0.384765625 0.587890625
0 0.3046875 0.94921875 0.34375 0.91015625 0.3046875 0.91015625 0.34375 0.94921875
0 0.11328125 0.779296875 0.15234375 0.740234375 0.11328125 0.740234375 0.15234375 0.779296875
0 0.4296875 0.3125 0.46875 0.2734375 0.4296875 0.2734375 0.46875 0.3125
0 0.89453125 0.474609375 0.93359375 0.435546875 0.89453125 0.435546875 0.93359375 0.474609375
0 0.291015625 0.498046875 0.330078125 0.458984375 0.291015625 0.458984375 0.330078125 0.498046875
0 0.88671875 0.27734375 0.92578125 0.23828125 0.88671875 0.23828125 0.92578125 0.27734375
0 0.587890625 0.208984375 0.626953125 0.169921875 0.587890625 0.169921875 0.626953125 0.208984375
0 0.41796875 0.40234375 0.45703125 0.36328125 0.41796875 0.36328125 0.45703125 0.40234375
0 0.32421875 0.6484375 0.36328125 0.609375 0.32421875 0.609375 0.36328125 0.6484375
0 0.78125 0.4375 0.8203125 0.3984375 0.78125 0.3984375 0.8203125 0.4375
0 0.2421875 0.423828125 0.28125 0.384765625 0.2421875 0.384765625 0.28125 0.423828125
