0 0.841796875 0.296875 0.880859375 0.2578125 0.841796875 0.2578125 0.880859375 0.296875
0 0.642578125 0.90625 0.681640625 0.8671875 0.642578125 0.8671875 0.681640625 0.90625
0 0.404296875 0.634765625 0.443359375 0.595703125 0.404296875 0.595703125 0.443359375 0.634765625
0 0.48046875 0.919921875 0.51953125 0.880859375 0.48046875 0.880859375 0.51953125 0.919921875
0 0.603515625 0.451171875 0.642578125 0.412109375 0.603515625 0.412109375 0.642578125 0.451171875
0 0.84765625 0.865234375 0.88671875 0.826171875 0.84765625 0.826171875 0.88671875 0.865234375
0 0.587890625 0.517578125 0.626953125 0.478515625 0.587890625 0.478515625 0.626953125 0.517578125
0 0.767578125 0.4296875 0.806640625 0.390625 0.767578125 0.390625 0.806640625 0.4296875
0 0.8203125 0.1640625 0.859375 0.125 0.8203125 0.125 0.859375 0.1640625
0 0.892578125 0.951171875 0.931640625 0.912109375 0.892578125 0.912109375 0.931640625 0.951171875
0 0.88671875 0.701171875 0.92578125 0.662109375 0.88671875 0.662109375 0.92578125 0.701171875
