0 0.271484375 0.5390625 0.310546875 0.5 0.271484375 0.5 0.310546875 0.5390625
0 0.8515625 0.95703125 0.890625 0.91796875 0.8515625 0.91796875 0.890625 0.95703125
0 0.302734375 0.806640625 0.341796875 0.767578125 0.302734375 0.767578125 0.341796875 0.806640625
0 0.1171875 0.748046875 0.15625 0.708984375 0.1171875 0.708984375 0.15625 0.748046875
0 0.833984375 0.611328125 0.873046875 0.572265625 0.833984375 0.572265625 0.873046875 0.611328125
0 0.7109375 0.3125 0.75 0.2734375 0.7109375 0.2734375 0.75 0.3125
0 0.103515625 0.828125 0.142578125 0.7890625 0.103515625 0.7890625 0.142578125 0.828125
0 0.6796875 0.392578125 0.71875 0.353515625 0.6796875 0.353515625 0.71875 0.392578125
0 0.216796875 0.19921875 0.255859375 0.16015625 0.216796875 0.16015625 0.255859375 0.19921875
0 0.203125 0.767578125 0.2421875 0.728515625 0.203125 0.728515625 0.2421875 0.767578125
0 0.0859375 0.435546875 0.125 0.396484375 0.0859375 0.396484375 0.125 0.435546875
0 0.232421875 0.2265625 0.271484375 0.1875 0.232421875 0.1875 0.271484375 0.2265625
0 0.876953125 0.43359375 0.916015625 0.39453125 0.876953125 0.39453125 0.916015625 0.43359375
