0 0.849609375 0.59375 0.888671875 0.5546875 0.849609375 0.5546875 0.888671875 0.59375
0 0.673828125 0.54296875 0.712890625 0.50390625 0.673828125 0.50390625 0.712890625 0.54296875
0 0.033203125 0.6484375 0.072265625 0.609375 0.033203125 0.609375 0.072265625 0.6484375
0 0.35546875 0.30078125 0.39453125 0.26171875 0.35546875 0.26171875 0.39453125 0.30078125
0 0.482421875 0.41015625 0.521484375 0.37109375 0.482421875 0.37109375 0.521484375 0.41015625
0 0.64453125 0.935546875 0.68359375 0.896484375 0.64453125 0.896484375 0.68359375 0.935546875
0 0.087890625 0.736328125 0.126953125 0.697265625 0.087890625 0.697265625 0.126953125 0.736328125
0 0.03515625 0.416015625 0.07421875 0.376953125 0.03515625 0.376953125 0.07421875 0.416015625
0 0.51171875 0.857421875 0.55078125 0.818359375 0.51171875 0.818359375 0.55078125 0.857421875
0 0.466796875 0.298828125 0.505859375 0.259765625 0.466796875 0.259765625 0.505859375 0.298828125
0 0.724609375 0.43359375 0.763671875 0.39453125 0.724609375 0.39453125 0.763671875 0.43359375
0 0.814453125 0.123046875 0.853515625 0.083984375 0.814453125 0.083984375 0.853515625 0.123046875
0 0.3515625 0.59765625 0.390625 0.55859375 0.3515625 0.55859375 0.390625 0.59765625
