0 0.11328125 0.880859375 0.15234375 0.841796875 0.11328125 0.841796875 0.15234375 0.880859375
0 0.560546875 0.724609375 0.599609375 0.685546875 0.560546875 0.685546875 0.599609375 0.724609375
0 0.890625 0.21875 0.9296875 0.1796875 0.890625 0.1796875 0.9296875 0.21875
0 0.30078125 0.73046875 0.33984375 0.69140625 0.30078125 0.69140625 0.33984375 0.73046875
0 0.572265625 0.7265625 0.611328125 0.6875 0.572265625 0.6875 0.611328125 0.7265625
0 0.462890625 0.7734375 0.501953125 0.734375 0.462890625 0.734375 0.501953125 0.7734375
0 0.57421875 0.58203125 0.61328125 0.54296875 0.57421875 0.54296875 0.61328125 0.58203125
0 0.626953125 0.166015625 0.666015625 0.126953125 0.626953125 0.126953125 0.666015625 0.166015625
0 0.892578125 0.966796875 0.931640625 0.927734375 0.892578125 0.927734375 0.931640625 0.966796875
0 0.845703125 0.396484375 0.884765625 0.357421875 0.845703125 0.357421875 0.884765625 0.396484375
0 0.2265625 0.28515625 0.265625 0.24609375 0.2265625 0.24609375 0.265625 0.28515625
