0 0.111328125 0.234375 0.150390625 0.1953125 0.111328125 0.1953125 0.150390625 0.234375
0 0.150390625 0.9296875 0.189453125 0.890625 0.150390625 0.890625 0.189453125 0.9296875
0 0.078125 0.578125 0.1171875 0.5390625 0.078125 0.5390625 0.1171875 0.578125
0 0.521484375 0.431640625 0.560546875 0.392578125 0.521484375 0.392578125 0.560546875 0.431640625
0 0.08203125 0.828125 0.12109375 0.7890625 0.08203125 0.7890625 0.12109375 0.828125
0 0.859375 0.75 0.8984375 0.7109375 0.859375 0.7109375 0.8984375 0.75
0 0.29296875 0.796875 0.33203125 0.7578125 0.29296875 0.7578125 0.33203125 0.796875
0 0.869140625 0.392578125 0.908203125 0.353515625 0.869140625 0.353515625 0.908203125 0.392578125
0 0.091796875 0.275390625 0.130859375 0.236328125 0.091796875 0.236328125 0.130859375 0.275390625
0 0.1640625 0.169921875 0.203125 0.130859375 0.1640625 0.130859375 0.203125 0.169921875
0 0.16796875 0.61328125 0.20703125 0.57421875 0.16796875 0.57421875 0.20703125 0.61328125
0 0.123046875 0.69921875 0.162109375 0.66015625 0.123046875 0.66015625 0.162109375 0.69921875
0 0.8984375 0.158203125 0.9375 0.119140625 0.8984375 0.119140625 0.9375 0.158203125
0 0.517578125 0.53125 0.556640625 0.4921875 0.517578125 0.4921875 0.556640625 0.53125
