0 0.08203125 0.34375 0.12109375 0.3046875 0.08203125 0.3046875 0.12109375 0.34375
0 0.8671875 0.1953125 0.90625 0.15625 0.8671875 0.15625 0.90625 0.1953125
0 0.6171875 0.845703125 0.65625 0.806640625 0.6171875 0.806640625 0.65625 0.845703125
0 0.72265625 0.12890625 0.76171875 0.08984375 0.72265625 0.08984375 0.76171875 0.12890625
0 0.3828125 0.07421875 0.421875 0.03515625 0.3828125 0.03515625 0.421875 0.07421875
0 0.859375 0.400390625 0.8984375 0.361328125 0.859375 0.361328125 0.8984375 0.400390625
0 0.888671875 0.927734375 0.927734375 0.888671875 0.888671875 0.888671875 0.927734375 0.927734375
0 0.109375 0.455078125 0.1484375 0.416015625 0.109375 0.416015625 0.1484375 0.455078125
0 0.66796875 0.109375 0.70703125 0.0703125 0.66796875 0.0703125 0.70703125 0.109375
0 0.103515625 0.3125 0.142578125 0.2734375 0.103515625 0.2734375 0.142578125 0.3125
0 0.89453125 0.791015625 0.93359375 0.751953125 0.89453125 0.751953125 0.93359375 0.791015625
0 0.568359375 0.962890625 0.607421875 0.923828125 0.568359375 0.923828125 0.607421875 0.962890625
