0 0.6640625 0.337890625 0.703125 0.298828125 0.6640625 0.298828125 0.703125 0.337890625
0 0.884765625 0.640625 0.923828125 0.6015625 0.884765625 0.6015625 0.923828125 0.640625
0 0.443359375 0.6640625 0.482421875 0.625 0.443359375 0.625 0.482421875 0.6640625
0 0.58984375 0.43359375 0.62890625 0.39453125 0.58984375 0.39453125 0.62890625 0.43359375
0 0.873046875 0.81640625 0.912109375 0.77734375 0.873046875 0.77734375 0.912109375 0.81640625
0 0.30859375 0.220703125 0.34765625 0.181640625 0.30859375 0.181640625 0.34765625 0.220703125
0 0.669921875 0.724609375 0.708984375 0.685546875 0.669921875 0.685546875 0.708984375 0.724609375
0 0.552734375 0.224609375 0.591796875 0.185546875 0.552734375 0.185546875 0.591796875 0.224609375
0 0.423828125 0.6484375 0.462890625 0.609375 0.423828125 0.609375 0.462890625 0.6484375
0 0.44140625 0.189453125 0.48046875 0.150390625 0.44140625 0.150390625 0.48046875 0.189453125
0 0.748046875 0.650390625 0.787109375 0.611328125 0.748046875 0.611328125 0.787109375 0.650390625
