0 0.376953125 0.6171875 0.416015625 0.578125 0.376953125 0.578125 0.416015625 0.6171875
0 0.525390625 0.08203125 0.564453125 0.04296875 0.525390625 0.04296875 0.564453125 0.08203125
0 0.7421875 0.65625 0.78125 0.6171875 0.7421875 0.6171875 0.78125 0.65625
0 0.09765625 0.490234375 0.13671875 0.451171875 0.09765625 0.451171875 0.13671875 0.490234375
0 0.044921875 0.251953125 0.083984375 0.212890625 0.044921875 0.212890625 0.083984375 0.251953125
0 0.2578125 0.669921875 0.296875 0.630859375 0.2578125 0.630859375 0.296875 0.669921875
0 0.4453125 0.275390625 0.484375 0.236328125 0.4453125 0.236328125 0.484375 0.275390625
0 0.4765625 0.63671875 0.515625 0.59765625 0.4765625 0.59765625 0.515625 0.63671875
0 0.107421875 0.93359375 0.146484375 0.89453125 0.107421875 0.89453125 0.146484375 0.93359375
0 0.25 0.158203125 0.2890625 0.119140625 0.25 0.119140625 0.2890625 0.158203125
0 0.458984375 0.447265625 0.498046875 0.408203125 0.458984375 0.408203125 0.498046875 0.447265625
