0 0.7265625 0.7578125 0.765625 0.71875 0.7265625 0.71875 0.765625 0.7578125
0 0.515625 0.595703125 0.5546875 0.556640625 0.515625 0.556640625 0.5546875 0.595703125
0 0.841796875 0.787109375 0.880859375 0.748046875 0.841796875 0.748046875 0.880859375 0.787109375
0 0.263671875 0.953125 0.302734375 0.9140625 0.263671875 0.9140625 0.302734375 0.953125
0 0.5234375 0.5703125 0.5625 0.53125 0.5234375 0.53125 0.5625 0.5703125
0 0.62109375 0.541015625 0.66015625 0.501953125 0.62109375 0.501953125 0.66015625 0.541015625
0 0.54296875 0.4453125 0.58203125 0.40625 0.54296875 0.40625 0.58203125 0.4453125
0 0.734375 0.912109375 0.7734375 0.873046875 0.734375 0.873046875 0.7734375 0.912109375
0 0.6015625 0.455078125 0.640625 0.416015625 0.6015625 0.416015625 0.640625 0.455078125
0 0.810546875 0.744140625 0.849609375 0.705078125 0.810546875 0.705078125 0.849609375 0.744140625
0 0.7109375 0.673828125 0.75 0.634765625 0.7109375 0.634765625 0.75 0.673828125
0 0.28125 0.76953125 0.3203125 0.73046875 0.28125 0.73046875 0.3203125 0.76953125
0 0.73828125 0.57421875 0.77734375 0.53515625 0.73828125 0.53515625 0.77734375 0.57421875
