0 0.462890625 0.865234375 0.501953125 0.826171875 0.462890625 0.826171875 0.501953125 0.865234375
0 0.552734375 0.359375 0.591796875 0.3203125 0.552734375 0.3203125 0.591796875 0.359375
0 0.767578125 0.890625 0.806640625 0.8515625 0.767578125 0.8515625 0.806640625 0.890625
0 0.845703125 0.94921875 0.884765625 0.91015625 0.845703125 0.91015625 0.884765625 0.94921875
0 0.880859375 0.572265625 0.919921875 0.533203125 0.880859375 0.533203125 0.919921875 0.572265625
0 0.162109375 0.947265625 0.201171875 0.908203125 0.162109375 0.908203125 0.201171875 0.947265625
0 0.296875 0.43359375 0.3359375 0.39453125 0.296875 0.39453125 0.3359375 0.43359375
0 0.072265625 0.34375 0.111328125 0.3046875 0.072265625 0.3046875 0.111328125 0.34375
0 0.765625 0.787109375 0.8046875 0.748046875 0.765625 0.748046875 0.8046875 0.787109375
0 0.318359375 0.287109375 0.357421875 0.248046875 0.318359375 0.248046875 0.357421875 0.287109375
0 0.14453125 0.25390625 0.18359375 0.21484375 0.14453125 0.21484375 0.18359375 0.25390625
