0 0.396484375 0.1875 0.435546875 0.1484375 0.396484375 0.1484375 0.435546875 0.1875
0 0.70703125 0.66796875 0.74609375 0.62890625 0.70703125 0.62890625 0.74609375 0.66796875
0 0.888671875 0.8828125 0.927734375 0.84375 0.888671875 0.84375 0.927734375 0.8828125
0 0.47265625 0.755859375 0.51171875 0.716796875 0.47265625 0.716796875 0.51171875 0.755859375
0 0.205078125 0.49609375 0.244140625 0.45703125 0.205078125 0.45703125 0.244140625 0.49609375
0 0.744140625 0.53125 0.783203125 0.4921875 0.744140625 0.4921875 0.783203125 0.53125
0 0.34375 0.556640625 0.3828125 0.517578125 0.34375 0.517578125 0.3828125 0.556640625
0 0.13671875 0.734375 0.17578125 0.6953125 0.13671875 0.6953125 0.17578125 0.734375
0 0.55078125 0.884765625 0.58984375 0.845703125 0.55078125 0.845703125 0.58984375 0.884765625
0 0.154296875 0.263671875 0.193359375 0.224609375 0.154296875 0.224609375 0.193359375 0.263671875
0 0.12109375 0.826171875 0.16015625 0.787109375 0.12109375 0.787109375 0.16015625 0.826171875
