0 0.9140625 0.515625 0.953125 0.4765625 0.9140625 0.4765625 0.953125 0.515625
0 0.525390625 0.724609375 0.564453125 0.685546875 0.525390625 0.685546875 0.564453125 0.724609375
0 0.431640625 0.572265625 0.470703125 0.533203125 0.431640625 0.533203125 0.470703125 0.572265625
0 0.39453125 0.732421875 0.43359375 0.693359375 0.39453125 0.693359375 0.43359375 0.732421875
0 0.33984375 0.115234375 0.37890625 0.076171875 0.33984375 0.076171875 0.37890625 0.115234375
0 0.572265625 0.69921875 0.611328125 0.66015625 0.572265625 0.66015625 0.611328125 0.69921875
0 0.830078125 0.75 0.869140625 0.7109375 0.830078125 0.7109375 0.869140625 0.75
0 0.876953125 0.759765625 0.916015625 0.720703125 0.876953125 0.720703125 0.916015625 0.759765625
0 0.75 0.236328125 0.7890625 0.197265625 0.75 0.197265625 0.7890625 0.236328125
0 0.13671875 0.638671875 0.17578125 0.599609375 0.13671875 0.599609375 0.17578125 0.638671875
