0 0.6015625 0.076171875 0.640625 0.037109375 0.6015625 0.037109375 0.640625 0.076171875
0 0.36328125 0.712890625 0.40234375 0.673828125 0.36328125 0.673828125 0.40234375 0.712890625
0 0.341796875 0.37109375 0.380859375 0.33203125 0.341796875 0.33203125 0.380859375 0.37109375
0 0.349609375 0.509765625 0.388671875 0.470703125 0.349609375 0.470703125 0.388671875 0.509765625
0 0.158203125 0.755859375 0.197265625 0.716796875 0.158203125 0.716796875 0.197265625 0.755859375
0 0.87109375 0.6640625 0.91015625 0.625 0.87109375 0.625 0.91015625 0.6640625
0 0.498046875 0.958984375 0.537109375 0.919921875 0.498046875 0.919921875 0.537109375 0.958984375
0 0.8671875 0.341796875 0.90625 0.302734375 0.8671875 0.302734375 0.90625 0.341796875
0 0.171875 0.916015625 0.2109375 0.876953125 0.171875 0.876953125 0.2109375 0.916015625
0 0.287109375 0.142578125 0.326171875 0.103515625 0.287109375 0.103515625 0.326171875 0.142578125
