0 0.83203125 0.76953125 0.87109375 0.73046875 0.83203125 0.73046875 0.87109375 0.76953125
0 0.517578125 0.28515625 0.556640625 0.24609375 0.517578125 0.24609375 0.556640625 0.28515625
0 0.427734375 0.541015625 0.466796875 0.501953125 0.427734375 0.501953125 0.466796875 0.541015625
0 0.900390625 0.4921875 0.939453125 0.453125 0.900390625 0.453125 0.939453125 0.4921875
0 0.556640625 0.083984375 0.595703125 0.044921875 0.556640625 0.044921875 0.595703125 0.083984375
0 0.05859375 0.23828125 0.09765625 0.19921875 0.05859375 0.19921875 0.09765625 0.23828125
0 0.416015625 0.599609375 0.455078125 0.560546875 0.416015625 0.560546875 0.455078125 0.599609375
0 0.0546875 0.767578125 0.09375 0.728515625 0.0546875 0.728515625 0.09375 0.767578125
0 0.861328125 0.892578125 0.900390625 0.853515625 0.861328125 0.853515625 0.900390625 0.892578125
0 0.849609375 0.4140625 0.888671875 0.375 0.849609375 0.375 0.888671875 0.4140625
0 0.431640625 0.48046875 0.470703125 0.44140625 0.431640625 0.44140625 0.470703125 0.48046875
