0 0.193359375 0.33984375 0.232421875 0.30078125 0.193359375 0.30078125 0.232421875 0.33984375
0 0.3046875 0.60546875 0.34375 0.56640625 0.3046875 0.56640625 0.34375 0.60546875
0 0.51171875 0.318359375 0.55078125 0.279296875 0.51171875 0.279296875 0.55078125 0.318359375
0 0.703125 0.658203125 0.7421875 0.619140625 0.703125 0.619140625 0.7421875 0.658203125
0 0.306640625 0.775390625 0.345703125 0.736328125 0.306640625 0.736328125 0.345703125 0.775390625
0 0.91015625 0.314453125 0.94921875 0.275390625 0.91015625 0.275390625 0.94921875 0.314453125
0 0.7109375 0.486328125 0.75 0.447265625 0.7109375 0.447265625 0.75 0.486328125
0 0.55859375 0.240234375 0.59765625 0.201171875 0.55859375 0.201171875 0.59765625 0.240234375
0 0.66015625 0.125 0.69921875 0.0859375 0.66015625 0.0859375 0.69921875 0.125
0 0.576171875 0.390625 0.615234375 0.3515625 0.576171875 0.3515625 0.615234375 0.390625
0 0.7265625 0.296875 0.765625 0.2578125 0.7265625 0.2578125 0.765625 0.296875
