0 0.33984375 0.08984375 0.37890625 0.05078125 0.33984375 0.05078125 0.37890625 0.08984375
0 0.595703125 0.63671875 0.634765625 0.59765625 0.595703125 0.59765625 0.634765625 0.63671875
0 0.703125 0.46484375 0.7421875 0.42578125 0.703125 0.42578125 0.7421875 0.46484375
0 0.1953125 0.625 0.234375 0.5859375 0.1953125 0.5859375 0.234375 0.625
0 0.099609375 0.435546875 0.138671875 0.396484375 0.099609375 0.396484375 0.138671875 0.435546875
0 0.779296875 0.1328125 0.818359375 0.09375 0.779296875 0.09375 0.818359375 0.1328125
0 0.337890625 0.41796875 0.376953125 0.37890625 0.337890625 0.37890625 0.376953125 0.41796875
0 0.763671875 0.703125 0.802734375 0.6640625 0.763671875 0.6640625 0.802734375 0.703125
0 0.77734375 0.177734375 0.81640625 0.138671875 0.77734375 0.138671875 0.81640625 0.177734375
0 0.5 0.763671875 0.5390625 0.724609375 0.5 0.724609375 0.5390625 0.763671875
0 0.130859375 0.34765625 0.169921875 0.30859375 0.130859375 0.30859375 0.169921875 0.34765625
0 0.169921875 0.921875 0.208984375 0.8828125 0.169921875 0.8828125 0.208984375 0.921875
0 0.2421875 0.966796875 0.28125 0.927734375 0.2421875 0.927734375 0.28125 0.966796875
