0 0.49609375 0.521484375 0.53515625 0.482421875 0.49609375 0.482421875 0.53515625 0.521484375
0 0.873046875 0.1875 0.912109375 0.1484375 0.873046875 0.1484375 0.912109375 0.1875
0 0.212890625 0.62890625 0.251953125 0.58984375 0.212890625 0.58984375 0.251953125 0.62890625
0 0.763671875 0.162109375 0.802734375 0.123046875 0.763671875 0.123046875 0.802734375 0.162109375
0 0.27734375 0.13671875 0.31640625 0.09765625 0.27734375 0.09765625 0.31640625 0.13671875
0 0.1640625 0.177734375 0.203125 0.138671875 0.1640625 0.138671875 0.203125 0.177734375
0 0.29296875 0.564453125 0.33203125 0.525390625 0.29296875 0.525390625 0.33203125 0.564453125
0 0.12109375 0.658203125 0.16015625 0.619140625 0.12109375 0.619140625 0.16015625 0.658203125
0 0.109375 0.93359375 0.1484375 0.89453125 0.109375 0.89453125 0.1484375 0.93359375
0 0.037109375 0.81640625 0.076171875 0.77734375 0.037109375 0.77734375 0.076171875 0.81640625
