0 0.06640625 0.7421875 0.10546875 0.703125 0.06640625 0.703125 0.10546875 0.7421875
0 0.876953125 0.892578125 0.916015625 0.853515625 0.876953125 0.853515625 0.916015625 0.892578125
0 0.802734375 0.28125 0.841796875 0.2421875 0.802734375 0.2421875 0.841796875 0.28125
0 0.03125 0.171875 0.0703125 0.1328125 0.03125 0.1328125 0.0703125 0.171875
0 0.76953125 0.146484375 0.80859375 0.107421875 0.76953125 0.107421875 0.80859375 0.146484375
0 0.830078125 0.734375 0.869140625 0.6953125 0.830078125 0.6953125 0.869140625 0.734375
0 0.455078125 0.55078125 0.494140625 0.51171875 0.455078125 0.51171875 0.494140625 0.55078125
0 0.30859375 0.57421875 0.34765625 0.53515625 0.30859375 0.53515625 0.34765625 0.57421875
0 0.17578125 0.41796875 0.21484375 0.37890625 0.17578125 0.37890625 0.21484375 0.41796875
0 0.880859375 0.845703125 0.919921875 0.806640625 0.880859375 0.806640625 0.919921875 0.845703125
0 0.314453125 0.2890625 0.353515625 0.25 0.314453125 0.25 0.353515625 0.2890625
0 0.888671875 0.51171875 0.927734375 0.47265625 0.888671875 0.47265625 0.927734375 0.51171875
