0 0.75390625 0.51171875 0.79296875 0.47265625 0.75390625 0.47265625 0.79296875 0.51171875
0 0.880859375 0.798828125 0.919921875 0.759765625 0.880859375 0.759765625 0.919921875 0.798828125
0 0.828125 0.787109375 0.8671875 0.748046875 0.828125 0.748046875 0.8671875 0.787109375
0 0.318359375 0.255859375 0.357421875 0.216796875 0.318359375 0.216796875 0.357421875 0.255859375
0 0.240234375 0.396484375 0.279296875 0.357421875 0.240234375 0.357421875 0.279296875 0.396484375
0 0.111328125 0.40234375 0.150390625 0.36328125 0.111328125 0.36328125 0.150390625 0.40234375
0 0.66796875 0.197265625 0.70703125 0.158203125 0.66796875 0.158203125 0.70703125 0.197265625
0 0.53515625 0.18359375 0.57421875 0.14453125 0.53515625 0.14453125 0.57421875 0.18359375
0 0.51953125 0.875 0.55859375 0.8359375 0.51953125 0.8359375 0.55859375 0.875
0 0.759765625 0.27734375 0.798828125 0.23828125 0.759765625 0.23828125 0.798828125 0.27734375
0 0.046875 0.0859375 0.0859375 0.046875 0.046875 0.046875 0.0859375 0.0859375
0 0.55078125 0.517578125 0.58984375 0.478515625 0.55078125 0.478515625 0.58984375 0.517578125
0 0.76953125 0.9140625 0.80859375 0.875 0.76953125 0.875 0.80859375 0.9140625
