0 0.580078125 0.5078125 0.619140625 0.46875 0.580078125 0.46875 0.619140625 0.5078125
0 0.927734375 0.251953125 0.966796875 0.212890625 0.927734375 0.212890625 0.966796875 0.251953125
0 0.037109375 0.32421875 0.076171875 0.28515625 0.037109375 0.28515625 0.076171875 0.32421875
0 0.22265625 0.544921875 0.26171875 0.505859375 0.22265625 0.505859375 0.26171875 0.544921875
0 0.384765625 0.791015625 0.423828125 0.751953125 0.384765625 0.751953125 0.423828125 0.791015625
0 0.03125 0.177734375 0.0703125 0.138671875 0.03125 0.138671875 0.0703125 0.177734375
0 0.2734375 0.2734375 0.3125 0.234375 0.2734375 0.234375 0.3125 0.2734375
0 0.056640625 0.208984375 0.095703125 0.169921875 0.056640625 0.169921875 0.095703125 0.208984375
0 0.142578125 0.525390625 0.181640625 0.486328125 0.142578125 0.486328125 0.181640625 0.525390625
0 0.484375 0.298828125 0.5234375 0.259765625 0.484375 0.259765625 0.5234375 0.298828125
