0 0.41015625 0.67578125 0.44921875 0.63671875 0.41015625 0.63671875 0.44921875 0.67578125
0 0.470703125 0.591796875 0.509765625 0.552734375 0.470703125 0.552734375 0.509765625 0.591796875
0 0.125 0.439453125 0.1640625 0.400390625 0.125 0.400390625 0.1640625 0.439453125
0 0.357421875 0.51953125 0.396484375 0.48046875 0.357421875 0.48046875 0.396484375 0.51953125
0 0.66015625 0.876953125 0.69921875 0.837890625 0.66015625 0.837890625 0.69921875 0.876953125
0 0.5625 0.19921875 0.6015625 0.16015625 0.5625 0.16015625 0.6015625 0.19921875
0 0.794921875 0.310546875 0.833984375 0.271484375 0.794921875 0.271484375 0.833984375 0.310546875
0 0.123046875 0.81640625 0.162109375 0.77734375 0.123046875 0.77734375 0.162109375 0.81640625
0 0.20703125 0.2421875 0.24609375 0.203125 0.20703125 0.203125 0.24609375 0.2421875
0 0.802734375 0.693359375 0.841796875 0.654296875 0.802734375 0.654296875 0.841796875 0.693359375
0 0.130859375 0.154296875 0.169921875 0.115234375 0.130859375 0.115234375 0.169921875 0.154296875
0 0.6484375 0.494140625 0.6875 0.455078125 0.6484375 0.455078125 0.6875 0.494140625
