0 0.890625 0.390625 0.9296875 0.3515625 0.890625 0.3515625 0.9296875 0.390625
0 0.921875 0.119140625 0.9609375 0.080078125 0.921875 0.080078125 0.9609375 0.119140625
0 0.1015625 0.62109375 0.140625 0.58203125 0.1015625 0.58203125 0.140625 0.62109375
0 0.1328125 0.9609375 0.171875 0.921875 0.1328125 0.921875 0.171875 0.9609375
0 0.6640625 0.71875 0.703125 0.6796875 0.6640625 0.6796875 0.703125 0.71875
0 0.634765625 0.41015625 0.673828125 0.37109375 0.634765625 0.37109375 0.673828125 0.41015625
0 0.40625 0.4296875 0.4453125 0.390625 0.40625 0.390625 0.4453125 0.4296875
0 0.865234375 0.119140625 0.904296875 0.080078125 0.865234375 0.080078125 0.904296875 0.119140625
0 0.662109375 0.126953125 0.701171875 0.087890625 0.662109375 0.087890625 0.701171875 0.126953125
0 0.341796875 0.556640625 0.380859375 0.517578125 0.341796875 0.517578125 0.380859375 0.556640625
0 0.65625 0.87109375 0.6953125 0.83203125 0.65625 0.83203125 0.6953125 0.87109375
0 0.033203125 0.578125 0.072265625 0.5390625 0.033203125 0.5390625 0.072265625 0.578125
