0 0.197265625 0.6875 0.236328125 0.6484375 0.197265625 0.6484375 0.236328125 0.6875
0 0.919921875 0.220703125 0.958984375 0.181640625 0.919921875 0.181640625 0.958984375 0.220703125
0 0.89453125 0.5625 0.93359375 0.5234375 0.89453125 0.5234375 0.93359375 0.5625
0 0.51171875 0.755859375 0.55078125 0.716796875 0.51171875 0.716796875 0.55078125 0.755859375
0 0.205078125 0.19921875 0.244140625 0.16015625 0.205078125 0.16015625 0.244140625 0.19921875
0 0.171875 0.80078125 0.2109375 0.76171875 0.171875 0.76171875 0.2109375 0.80078125
0 0.7578125 0.623046875 0.796875 0.583984375 0.7578125 0.583984375 0.796875 0.623046875
0 0.619140625 0.958984375 0.658203125 0.919921875 0.619140625 0.919921875 0.658203125 0.958984375
0 0.3515625 0.408203125 0.390625 0.369140625 0.3515625 0.369140625 0.390625 0.408203125
0 0.646484375 0.732421875 0.685546875 0.693359375 0.646484375 0.693359375 0.685546875 0.732421875
0 0.3203125 0.755859375 0.359375 0.716796875 0.3203125 0.716796875 0.359375 0.755859375
0 0.783203125 0.529296875 0.822265625 0.490234375 0.783203125 0.490234375 0.822265625 0.529296875
0 0.65234375 0.771484375 0.69140625 0.732421875 0.65234375 0.732421875 0.69140625 0.771484375
