0 0.33984375 0.90625 0.37890625 0.8671875 0.33984375 0.8671875 0.37890625 0.90625
0 0.173828125 0.65625 0.212890625 0.6171875 0.173828125 0.6171875 0.212890625 0.65625
0 0.810546875 0.373046875 0.849609375 0.333984375 0.810546875 0.333984375 0.849609375 0.373046875
0 0.15234375 0.140625 0.19140625 0.1015625 0.15234375 0.1015625 0.19140625 0.140625
0 0.734375 0.443359375 0.7734375 0.404296875 0.734375 0.404296875 0.7734375 0.443359375
0 0.154296875 0.84375 0.193359375 0.8046875 0.154296875 0.8046875 0.193359375 0.84375
0 0.263671875 0.369140625 0.302734375 0.330078125 0.263671875 0.330078125 0.302734375 0.369140625
0 0.693359375 0.326171875 0.732421875 0.287109375 0.693359375 0.287109375 0.732421875 0.326171875
0 0.693359375 0.521484375 0.732421875 0.482421875 0.693359375 0.482421875 0.732421875 0.521484375
0 0.478515625 0.396484375 0.517578125 0.357421875 0.478515625 0.357421875 0.517578125 0.396484375
