0 0.228515625 0.525390625 0.267578125 0.486328125 0.228515625 0.486328125 0.267578125 0.525390625
0 0.900390625 0.173828125 0.939453125 0.134765625 0.900390625 0.134765625 0.939453125 0.173828125
0 0.69140625 0.89453125 0.73046875 0.85546875 0.69140625 0.85546875 0.73046875 0.89453125
0 0.09375 0.3359375 0.1328125 0.296875 0.09375 0.296875 0.1328125 0.3359375
0 0.34765625 0.76171875 0.38671875 0.72265625 0.34765625 0.72265625 0.38671875 0.76171875
0 0.35546875 0.224609375 0.39453125 0.185546875 0.35546875 0.185546875 0.39453125 0.224609375
0 0.384765625 0.60546875 0.423828125 0.56640625 0.384765625 0.56640625 0.423828125 0.60546875
0 0.69921875 0.84375 0.73828125 0.8046875 0.69921875 0.8046875 0.73828125 0.84375
0 0.3515625 0.14453125 0.390625 0.10546875 0.3515625 0.10546875 0.390625 0.14453125
0 0.076171875 0.22265625 0.115234375 0.18359375 0.076171875 0.18359375 0.115234375 0.22265625
0 0.15625 0.55859375 0.1953125 0.51953125 0.15625 0.51953125 0.1953125 0.55859375
0 0.166015625 0.29296875 0.205078125 0.25390625 0.166015625 0.25390625 0.205078125 0.29296875
0 0.400390625 0.4296875 0.439453125 0.390625 0.400390625 0.390625 0.439453125 0.4296875
0 0.90234375 0.36328125 0.94140625 0.32421875 0.90234375 0.32421875 0.94140625 0.36328125
