0 0.1171875 0.66015625 0.15625 0.62109375 0.1171875 0.62109375 0.15625 0.66015625
0 0.109375 0.2890625 0.1484375 0.25 0.109375 0.25 0.1484375 0.2890625
0 0.193359375 0.5625 0.232421875 0.5234375 0.193359375 0.5234375 0.232421875 0.5625
0 0.3359375 0.44921875 0.375 0.41015625 0.3359375 0.41015625 0.375 0.44921875
0 0.55859375 0.810546875 0.59765625 0.771484375 0.55859375 0.771484375 0.59765625 0.810546875
0 0.853515625 0.703125 0.892578125 0.6640625 0.853515625 0.6640625 0.892578125 0.703125
0 0.177734375 0.791015625 0.216796875 0.751953125 0.177734375 0.751953125 0.216796875 0.791015625
0 0.19921875 0.28515625 0.23828125 0.24609375 0.19921875 0.24609375 0.23828125 0.28515625
0 0.509765625 0.453125 0.548828125 0.4140625 0.509765625 0.4140625 0.548828125 0.453125
0 0.171875 0.263671875 0.2109375 0.224609375 0.171875 0.224609375 0.2109375 0.263671875
