0 0.8828125 0.79296875 0.921875 0.75390625 0.8828125 0.75390625 0.921875 0.79296875
0 0.890625 0.41796875 0.9296875 0.37890625 0.890625 0.37890625 0.9296875 0.41796875
0 0.623046875 0.150390625 0.662109375 0.111328125 0.623046875 0.111328125 0.662109375 0.150390625
0 0.28125 0.119140625 0.3203125 0.080078125 0.28125 0.080078125 0.3203125 0.119140625
0 0.37109375 0.306640625 0.41015625 0.267578125 0.37109375 0.267578125 0.41015625 0.306640625
0 0.701171875 0.658203125 0.740234375 0.619140625 0.701171875 0.619140625 0.740234375 0.658203125
0 0.349609375 0.626953125 0.388671875 0.587890625 0.349609375 0.587890625 0.388671875 0.626953125
0 0.81640625 0.78515625 0.85546875 0.74609375 0.81640625 0.74609375 0.85546875 0.78515625
0 0.4140625 0.720703125 0.453125 0.681640625 0.4140625 0.681640625 0.453125 0.720703125
0 0.166015625 0.826171875 0.205078125 0.787109375 0.166015625 0.787109375 0.205078125 0.826171875
0 0.10546875 0.388671875 0.14453125 0.349609375 0.10546875 0.349609375 0.14453125 0.388671875
0 0.30859375 0.7109375 0.34765625 0.671875 0.30859375 0.671875 0.34765625 0.7109375
0 0.744140625 0.298828125 0.783203125 0.259765625 0.744140625 0.259765625 0.783203125 0.298828125
0 0.41015625 0.7265625 0.44921875 0.6875 0.41015625 0.6875 0.44921875 0.7265625
