0 0.619140625 0.880859375 0.658203125 0.841796875 0.619140625 0.841796875 0.658203125 0.880859375
0 0.115234375 0.955078125 0.154296875 0.916015625 0.115234375 0.916015625 0.154296875 0.955078125
0 0.53515625 0.2421875 0.57421875 0.203125 0.53515625 0.203125 0.57421875 0.2421875
0 0.3515625 0.740234375 0.390625 0.701171875 0.3515625 0.701171875 0.390625 0.740234375
0 0.341796875 0.306640625 0.380859375 0.267578125 0.341796875 0.267578125 0.380859375 0.306640625
0 0.560546875 0.908203125 0.599609375 0.869140625 0.560546875 0.869140625 0.599609375 0.908203125
0 0.3671875 0.201171875 0.40625 0.162109375 0.3671875 0.162109375 0.40625 0.201171875
0 0.193359375 0.353515625 0.232421875 0.314453125 0.193359375 0.314453125 0.232421875 0.353515625
0 0.068359375 0.740234375 0.107421875 0.701171875 0.068359375 0.701171875 0.107421875 0.740234375
0 0.109375 0.5546875 0.1484375 0.515625 0.109375 0.515625 0.1484375 0.5546875
