0 0.462890625 0.49609375 0.501953125 0.45703125 0.462890625 0.45703125 0.501953125 0.49609375
0 0.0546875 0.607421875 0.09375 0.568359375 0.0546875 0.568359375 0.09375 0.607421875
0 0.03125 0.546875 0.0703125 0.5078125 0.03125 0.5078125 0.0703125 0.546875
0 0.63671875 0.658203125 0.67578125 0.619140625 0.63671875 0.619140625 0.67578125 0.658203125
0 0.162109375 0.701171875 0.201171875 0.662109375 0.162109375 0.662109375 0.201171875 0.701171875
0 0.744140625 0.13671875 0.783203125 0.09765625 0.744140625 0.09765625 0.783203125 0.13671875
0 0.080078125 0.4765625 0.119140625 0.4375 0.080078125 0.4375 0.119140625 0.4765625
0 0.8984375 0.134765625 0.9375 0.095703125 0.8984375 0.095703125 0.9375 0.134765625
0 0.353515625 0.59375 0.392578125 0.5546875 0.353515625 0.5546875 0.392578125 0.59375
0 0.138671875 0.673828125 0.177734375 0.634765625 0.138671875 0.634765625 0.177734375 0.673828125
