0 0.615234375 0.96484375 0.654296875 0.92578125 0.615234375 0.92578125 0.654296875 0.96484375
0 0.8671875 0.873046875 0.90625 0.833984375 0.8671875 0.833984375 0.90625 0.873046875
0 0.109375 0.322265625 0.1484375 0.283203125 0.109375 0.283203125 0.1484375 0.322265625
0 0.919921875 0.298828125 0.958984375 0.259765625 0.919921875 0.259765625 0.958984375 0.298828125
0 0.435546875 0.6875 0.474609375 0.6484375 0.435546875 0.6484375 0.474609375 0.6875
0 0.70703125 0.587890625 0.74609375 0.548828125 0.70703125 0.548828125 0.74609375 0.587890625
0 0.458984375 0.888671875 0.498046875 0.849609375 0.458984375 0.849609375 0.498046875 0.888671875
0 0.1171875 0.12890625 0.15625 0.08984375 0.1171875 0.08984375 0.15625 0.12890625
0 0.28125 0.083984375 0.3203125 0.044921875 0.28125 0.044921875 0.3203125 0.083984375
0 0.474609375 0.533203125 0.513671875 0.494140625 0.474609375 0.494140625 0.513671875 0.533203125
