0 0.1484375 0.45703125 0.1875 0.41796875 0.1484375 0.41796875 0.1875 0.45703125
0 0.36328125 0.60546875 0.40234375 0.56640625 0.36328125 0.56640625 0.40234375 0.60546875
0 0.578125 0.181640625 0.6171875 0.142578125 0.578125 0.142578125 0.6171875 0.181640625
0 0.873046875 0.443359375 0.912109375 0.404296875 0.873046875 0.404296875 0.912109375 0.443359375
0 0.708984375 0.728515625 0.748046875 0.689453125 0.708984375 0.689453125 0.748046875 0.728515625
0 0.1484375 0.689453125 0.1875 0.650390625 0.1484375 0.650390625 0.1875 0.689453125
0 0.64453125 0.431640625 0.68359375 0.392578125 0.64453125 0.392578125 0.68359375 0.431640625
0 0.86328125 0.30859375 0.90234375 0.26953125 0.86328125 0.26953125 0.90234375 0.30859375
0 0.66015625 0.939453125 0.69921875 0.900390625 0.66015625 0.900390625 0.69921875 0.939453125
0 0.330078125 0.884765625 0.369140625 0.845703125 0.330078125 0.845703125 0.369140625 0.884765625
