0 0.8203125 0.962890625 0.859375 0.923828125 0.8203125 0.923828125 0.859375 0.962890625
0 0.724609375 0.876953125 0.763671875 0.837890625 0.724609375 0.837890625 0.763671875 0.876953125
0 0.873046875 0.7890625 0.912109375 0.75 0.873046875 0.75 0.912109375 0.7890625
0 0.31640625 0.099609375 0.35546875 0.060546875 0.31640625 0.060546875 0.35546875 0.099609375
0 0.494140625 0.279296875 0.533203125 0.240234375 0.494140625 0.240234375 0.533203125 0.279296875
0 0.083984375 0.85546875 0.123046875 0.81640625 0.083984375 0.81640625 0.123046875 0.85546875
0 0.51953125 0.30078125 0.55859375 0.26171875 0.51953125 0.26171875 0.55859375 0.30078125
0 0.921875 0.2578125 0.9609375 0.21875 0.921875 0.21875 0.9609375 0.2578125
0 0.453125 0.673828125 0.4921875 0.634765625 0.453125 0.634765625 0.4921875 0.673828125
0 0.345703125 0.55078125 0.384765625 0.51171875 0.345703125 0.51171875 0.384765625 0.55078125
