0 0.08984375 0.2421875 0.12890625 0.203125 0.08984375 0.203125 0.12890625 0.2421875
0 0.587890625 0.12890625 0.626953125 0.08984375 0.587890625 0.08984375 0.626953125 0.12890625
0 0.125 0.69140625 0.1640625 0.65234375 0.125 0.65234375 0.1640625 0.69140625
0 0.712890625 0.865234375 0.751953125 0.826171875 0.712890625 0.826171875 0.751953125 0.865234375
0 0.5 0.287109375 0.5390625 0.248046875 0.5 0.248046875 0.5390625 0.287109375
0 0.646484375 0.439453125 0.685546875 0.400390625 0.646484375 0.400390625 0.685546875 0.439453125
0 0.18359375 0.078125 0.22265625 0.0390625 0.18359375 0.0390625 0.22265625 0.078125
0 0.068359375 0.26953125 0.107421875 0.23046875 0.068359375 0.23046875 0.107421875 0.26953125
0 0.076171875 0.498046875 0.115234375 0.458984375 0.076171875 0.458984375 0.115234375 0.498046875
0 0.361328125 0.345703125 0.400390625 0.306640625 0.361328125 0.306640625 0.400390625 0.345703125
