0 0.3984375 0.31640625 0.4375 0.27734375 0.3984375 0.27734375 0.4375 0.31640625
0 0.30078125 0.494140625 0.33984375 0.455078125 0.30078125 0.455078125 0.33984375 0.494140625
0 0.822265625 0.27734375 0.861328125 0.23828125 0.822265625 0.23828125 0.861328125 0.27734375
0 0.580078125 0.4765625 0.619140625 0.4375 0.580078125 0.4375 0.619140625 0.4765625
0 0.24609375 0.203125 0.28515625 0.1640625 0.24609375 0.1640625 0.28515625 0.203125
0 0.275390625 0.58203125 0.314453125 0.54296875 0.275390625 0.54296875 0.314453125 0.58203125
0 0.619140625 0.712890625 0.658203125 0.673828125 0.619140625 0.673828125 0.658203125 0.712890625
0 0.1328125 0.169921875 0.171875 0.130859375 0.1328125 0.130859375 0.171875 0.169921875
0 0.65234375 0.625 0.69140625 0.5859375 0.65234375 0.5859375 0.69140625 0.625
0 0.501953125 0.1171875 0.541015625 0.078125 0.501953125 0.078125 0.541015625 0.1171875
0 0.705078125 0.453125 0.744140625 0.4140625 0.705078125 0.4140625 0.744140625 0.453125
0 0.765625 0.3046875 0.8046875 0.265625 0.765625 0.265625 0.8046875 0.3046875
0 0.095703125 0.7421875 0.134765625 0.703125 0.095703125 0.703125 0.134765625 0.7421875
0 0.12890625 0.79296875 0.16796875 0.75390625 0.12890625 0.75390625 0.16796875 0.79296875
