0 0.1015625 0.244140625 0.140625 0.205078125 0.1015625 0.205078125 0.140625 0.244140625
0 0.484375 0.4296875 0.5234375 0.390625 0.484375 0.390625 0.5234375 0.4296875
0 0.34375 0.9140625 0.3828125 0.875 0.34375 0.875 0.3828125 0.9140625
0 0.314453125 0.12109375 0.353515625 0.08203125 0.314453125 0.08203125 0.353515625 0.12109375
0 0.0859375 0.6484375 0.125 0.609375 0.0859375 0.609375 0.125 0.6484375
0 0.615234375 0.39453125 0.654296875 0.35546875 0.615234375 0.35546875 0.654296875 0.39453125
0 0.326171875 0.494140625 0.365234375 0.455078125 0.326171875 0.455078125 0.365234375 0.494140625
0 0.91796875 0.568359375 0.95703125 0.529296875 0.91796875 0.529296875 0.95703125 0.568359375
0 0.306640625 0.09765625 0.345703125 0.05859375 0.306640625 0.05859375 0.345703125 0.09765625
0 0.201171875 0.341796875 0.240234375 0.302734375 0.201171875 0.302734375 0.240234375 0.341796875
0 0.333984375 0.67578125 0.373046875 0.63671875 0.333984375 0.63671875 0.373046875 0.67578125
0 0.765625 0.732421875 0.8046875 0.693359375 0.765625 0.693359375 0.8046875 0.732421875
0 0.267578125 0.640625 0.306640625 0.6015625 0.267578125 0.6015625 0.306640625 0.640625
