0 0.853515625 0.87109375 0.892578125 0.83203125 0.853515625 0.83203125 0.892578125 0.87109375
0 0.71875 0.826171875 0.7578125 0.787109375 0.71875 0.787109375 0.7578125 0.826171875
0 0.630859375 0.80859375 0.669921875 0.76953125 0.630859375 0.76953125 0.669921875 0.80859375
0 0.162109375 0.431640625 0.201171875 0.392578125 0.162109375 0.392578125 0.201171875 0.431640625
0 0.568359375 0.939453125 0.607421875 0.900390625 0.568359375 0.900390625 0.607421875 0.939453125
0 0.294921875 0.296875 0.333984375 0.2578125 0.294921875 0.2578125 0.333984375 0.296875
0 0.041015625 0.166015625 0.080078125 0.126953125 0.041015625 0.126953125 0.080078125 0.166015625
0 0.70703125 0.318359375 0.74609375 0.279296875 0.70703125 0.279296875 0.74609375 0.318359375
0 0.708984375 0.662109375 0.748046875 0.623046875 0.708984375 0.623046875 0.748046875 0.662109375
0 0.04296875 0.92578125 0.08203125 0.88671875 0.04296875 0.88671875 0.08203125 0.92578125
0 0.265625 0.849609375 0.3046875 0.810546875 0.265625 0.810546875 0.3046875 0.849609375
0 0.634765625 0.091796875 0.673828125 0.052734375 0.634765625 0.052734375 0.673828125 0.091796875
