0 0.453125 0.375 0.4921875 0.3359375 0.453125 0.3359375 0.4921875 0.375
0 0.732421875 0.140625 0.771484375 0.1015625 0.732421875 0.1015625 0.771484375 0.140625
0 0.810546875 0.1875 0.849609375 0.1484375 0.810546875 0.1484375 0.849609375 0.1875
0 0.74609375 0.75390625 0.78515625 0.71484375 0.74609375 0.71484375 0.78515625 0.75390625
0 0.072265625 0.72265625 0.111328125 0.68359375 0.072265625 0.68359375 0.111328125 0.72265625
0 0.76171875 0.876953125 0.80078125 0.837890625 0.76171875 0.837890625 0.80078125 0.876953125
0 0.103515625 0.453125 0.142578125 0.4140625 0.103515625 0.4140625 0.142578125 0.453125
0 0.533203125 0.400390625 0.572265625 0.361328125 0.533203125 0.361328125 0.572265625 0.400390625
0 0.685546875 0.171875 0.724609375 0.1328125 0.685546875 0.1328125 0.724609375 0.171875
0 0.08203125 0.7578125 0.12109375 0.71875 0.08203125 0.71875 0.12109375 0.7578125
0 0.375 0.181640625 0.4140625 0.142578125 0.375 0.142578125 0.4140625 0.181640625
0 0.6171875 0.6171875 0.65625 0.578125 0.6171875 0.578125 0.65625 0.6171875
0 0.515625 0.1484375 0.5546875 0.109375 0.515625 0.109375 0.5546875 0.1484375
0 0.736328125 0.0859375 0.775390625 0.046875 0.736328125 0.046875 0.775390625 0.0859375
