0 0.712890625 0.3203125 0.751953125 0.28125 0.712890625 0.28125 0.751953125 0.3203125
0 0.216796875 0.1015625 0.255859375 0.0625 0.216796875 0.0625 0.255859375 0.1015625
0 0.830078125 0.84765625 0.869140625 0.80859375 0.830078125 0.80859375 0.869140625 0.84765625
0 0.900390625 0.1875 0.939453125 0.1484375 0.900390625 0.1484375 0.939453125 0.1875
0 0.333984375 0.287109375 0.373046875 0.248046875 0.333984375 0.248046875 0.373046875 0.287109375
0 0.56640625 0.072265625 0.60546875 0.033203125 0.56640625 0.033203125 0.60546875 0.072265625
0 0.111328125 0.31640625 0.150390625 0.27734375 0.111328125 0.27734375 0.150390625 0.31640625
0 0.5078125 0.70703125 0.546875 0.66796875 0.5078125 0.66796875 0.546875 0.70703125
0 0.69140625 0.59765625 0.73046875 0.55859375 0.69140625 0.55859375 0.73046875 0.59765625
0 0.392578125 0.525390625 0.431640625 0.486328125 0.392578125 0.486328125 0.431640625 0.525390625
0 0.62890625 0.458984375 0.66796875 0.419921875 0.62890625 0.419921875 0.66796875 0.458984375
0 0.83984375 0.171875 0.87890625 0.1328125 0.83984375 0.1328125 0.87890625 0.171875
0 0.62109375 0.68359375 0.66015625 0.64453125 0.62109375 0.64453125 0.66015625 0.68359375
0 0.8828125 0.451171875 0.921875 0.412109375 0.8828125 0.412109375 0.921875 0.451171875
