0 0.572265625 0.953125 0.611328125 0.9140625 0.572265625 0.9140625 0.611328125 0.953125
0 0.23046875 0.447265625 0.26953125 0.408203125 0.23046875 0.408203125 0.26953125 0.447265625
0 0.18359375 0.21484375 0.22265625 0.17578125 0.18359375 0.17578125 0.22265625 0.21484375
0 0.751953125 0.12890625 0.791015625 0.08984375 0.751953125 0.08984375 0.791015625 0.12890625
0 0.171875 0.6328125 0.2109375 0.59375 0.171875 0.59375 0.2109375 0.6328125
0 0.580078125 0.333984375 0.619140625 0.294921875 0.580078125 0.294921875 0.619140625 0.333984375
0 0.58203125 0.7734375 0.62109375 0.734375 0.58203125 0.734375 0.62109375 0.7734375
0 0.208984375 0.58984375 0.248046875 0.55078125 0.208984375 0.55078125 0.248046875 0.58984375
0 0.482421875 0.810546875 0.521484375 0.771484375 0.482421875 0.771484375 0.521484375 0.810546875
0 0.638671875 0.8828125 0.677734375 0.84375 0.638671875 0.84375 0.677734375 0.8828125
0 0.083984375 0.107421875 0.123046875 0.068359375 0.083984375 0.068359375 0.123046875 0.107421875
0 0.646484375 0.26953125 0.685546875 0.23046875 0.646484375 0.23046875 0.685546875 0.26953125
0 0.130859375 0.67578125 0.169921875 0.63671875 0.130859375 0.63671875 0.169921875 0.67578125
