0 0.11328125 0.380859375 0.15234375 0.341796875 0.11328125 0.341796875 0.15234375 0.380859375
0 0.478515625 0.6953125 0.517578125 0.65625 0.478515625 0.65625 0.517578125 0.6953125
0 0.4140625 0.646484375 0.453125 0.607421875 0.4140625 0.607421875 0.453125 0.646484375
0 0.509765625 0.1796875 0.548828125 0.140625 0.509765625 0.140625 0.548828125 0.1796875
0 0.697265625 0.298828125 0.736328125 0.259765625 0.697265625 0.259765625 0.736328125 0.298828125
0 0.46875 0.232421875 0.5078125 0.193359375 0.46875 0.193359375 0.5078125 0.232421875
0 0.103515625 0.68359375 0.142578125 0.64453125 0.103515625 0.64453125 0.142578125 0.68359375
0 0.330078125 0.619140625 0.369140625 0.580078125 0.330078125 0.580078125 0.369140625 0.619140625
0 0.287109375 0.919921875 0.326171875 0.880859375 0.287109375 0.880859375 0.326171875 0.919921875
0 0.919921875 0.578125 0.958984375 0.5390625 0.919921875 0.5390625 0.958984375 0.578125
