0 0.486328125 0.830078125 0.525390625 0.791015625 0.486328125 0.791015625 0.525390625 0.830078125
0 0.3984375 0.7109375 0.4375 0.671875 0.3984375 0.671875 0.4375 0.7109375
0 0.486328125 0.755859375 0.525390625 0.716796875 0.486328125 0.716796875 0.525390625 0.755859375
0 0.416015625 0.44921875 0.455078125 0.41015625 0.416015625 0.41015625 0.455078125 0.44921875
0 0.591796875 0.107421875 0.630859375 0.068359375 0.591796875 0.068359375 0.630859375 0.107421875
0 0.115234375 0.921875 0.154296875 0.8828125 0.115234375 0.8828125 0.154296875 0.921875
0 0.85546875 0.89453125 0.89453125 0.85546875 0.85546875 0.85546875 0.89453125 0.89453125
0 0.109375 0.58984375 0.1484375 0.55078125 0.109375 0.55078125 0.1484375 0.58984375
0 0.73046875 0.40234375 0.76953125 0.36328125 0.73046875 0.36328125 0.76953125 0.40234375
0 0.26953125 0.587890625 0.30859375 0.548828125 0.26953125 0.548828125 0.30859375 0.587890625
0 0.73828125 0.41015625 0.77734375 0.37109375 0.73828125 0.37109375 0.77734375 0.41015625
0 0.376953125 0.630859375 0.416015625 0.591796875 0.376953125 0.591796875 0.416015625 0.630859375
0 0.5 0.087890625 0.5390625 0.048828125 0.5 0.048828125 0.5390625 0.087890625
