0 0.75390625 0.716796875 0.79296875 0.677734375 0.75390625 0.677734375 0.79296875 0.716796875
0 0.8203125 0.90234375 0.859375 0.86328125 0.8203125 0.86328125 0.859375 0.90234375
0 0.892578125 0.853515625 0.931640625 0.814453125 0.892578125 0.814453125 0.931640625 0.853515625
0 0.685546875 0.4296875 0.724609375 0.390625 0.685546875 0.390625 0.724609375 0.4296875
0 0.7265625 0.861328125 0.765625 0.822265625 0.7265625 0.822265625 0.765625 0.861328125
0 0.869140625 0.736328125 0.908203125 0.697265625 0.869140625 0.697265625 0.908203125 0.736328125
0 0.53125 0.58203125 0.5703125 0.54296875 0.53125 0.54296875 0.5703125 0.58203125
0 0.345703125 0.115234375 0.384765625 0.076171875 0.345703125 0.076171875 0.384765625 0.115234375
0 0.65234375 0.4921875 0.69140625 0.453125 0.65234375 0.453125 0.69140625 0.4921875
0 0.52734375 0.615234375 0.56640625 0.576171875 0.52734375 0.576171875 0.56640625 0.615234375
0 0.91796875 0.283203125 0.95703125 0.244140625 0.91796875 0.244140625 0.95703125 0.283203125
0 0.560546875 0.44921875 0.599609375 0.41015625 0.560546875 0.41015625 0.599609375 0.44921875
