0 0.40234375 0.2421875 0.44140625 0.203125 0.40234375 0.203125 0.44140625 0.2421875
0 0.3046875 0.955078125 0.34375 0.916015625 0.3046875 0.916015625 0.34375 0.955078125
0 0.853515625 0.791015625 0.892578125 0.751953125 0.853515625 0.751953125 0.892578125 0.791015625
0 0.8515625 0.72265625 0.890625 0.68359375 0.8515625 0.68359375 0.890625 0.72265625
0 0.2109375 0.59375 0.25 0.5546875 0.2109375 0.5546875 0.25 0.59375
0 0.5234375 0.412109375 0.5625 0.373046875 0.5234375 0.373046875 0.5625 0.412109375
0 0.19921875 0.28125 0.23828125 0.2421875 0.19921875 0.2421875 0.23828125 0.28125
0 0.796875 0.869140625 0.8359375 0.830078125 0.796875 0.830078125 0.8359375 0.869140625
0 0.66796875 0.25390625 0.70703125 0.21484375 0.66796875 0.21484375 0.70703125 0.25390625
0 0.7578125 0.150390625 0.796875 0.111328125 0.7578125 0.111328125 0.796875 0.150390625
