0 0.806640625 0.50390625 0.845703125 0.46484375 0.806640625 0.46484375 0.845703125 0.50390625
0 0.830078125 0.67578125 0.869140625 0.63671875 0.830078125 0.63671875 0.869140625 0.67578125
0 0.828125 0.6015625 0.8671875 0.5625 0.828125 0.5625 0.8671875 0.6015625
0 0.701171875 0.74609375 0.740234375 0.70703125 0.701171875 0.70703125 0.740234375 0.74609375
0 0.501953125 0.19140625 0.541015625 0.15234375 0.501953125 0.15234375 0.541015625 0.19140625
0 0.130859375 0.640625 0.169921875 0.6015625 0.130859375 0.6015625 0.169921875 0.640625
0 0.4140625 0.150390625 0.453125 0.111328125 0.4140625 0.111328125 0.453125 0.150390625
0 0.615234375 0.833984375 0.654296875 0.794921875 0.615234375 0.794921875 0.654296875 0.833984375
0 0.080078125 0.7421875 0.119140625 0.703125 0.080078125 0.703125 0.119140625 0.7421875
0 0.8984375 0.15234375 0.9375 0.11328125 0.8984375 0.11328125 0.9375 0.15234375
0 0.3671875 0.39453125 0.40625 0.35546875 0.3671875 0.35546875 0.40625 0.39453125
0 0.8671875 0.80078125 0.90625 0.76171875 0.8671875 0.76171875 0.90625 0.80078125
