0 0.44140625 0.189453125 0.48046875 0.150390625 0.44140625 0.150390625 0.48046875 0.189453125
0 0.904296875 0.125 0.943359375 0.0859375 0.904296875 0.0859375 0.943359375 0.125
0 0.2265625 0.517578125 0.265625 0.478515625 0.2265625 0.478515625 0.265625 0.517578125
0 0.814453125 0.490234375 0.853515625 0.451171875 0.814453125 0.451171875 0.853515625 0.490234375
0 0.07421875 0.400390625 0.11328125 0.361328125 0.07421875 0.361328125 0.11328125 0.400390625
0 0.2890625 0.859375 0.328125 0.8203125 0.2890625 0.8203125 0.328125 0.859375
0 0.275390625 0.337890625 0.314453125 0.298828125 0.275390625 0.298828125 0.314453125 0.337890625
0 0.68359375 0.802734375 0.72265625 0.763671875 0.68359375 0.763671875 0.72265625 0.802734375
0 0.35546875 0.25390625 0.39453125 0.21484375 0.35546875 0.21484375 0.39453125 0.25390625
0 0.5859375 0.708984375 0.625 0.669921875 0.5859375 0.669921875 0.625 0.708984375
0 0.138671875 0.953125 0.177734375 0.9140625 0.138671875 0.9140625 0.177734375 0.953125
0 0.431640625 0.65234375 0.470703125 0.61328125 0.431640625 0.61328125 0.470703125 0.65234375
0 0.06640625 0.759765625 0.10546875 0.720703125 0.06640625 0.720703125 0.10546875 0.759765625
0 0.220703125 0.88671875 0.259765625 0.84765625 0.220703125 0.84765625 0.259765625 0.88671875
