0 0.294921875 0.349609375 0.333984375 0.310546875 0.294921875 0.310546875 0.333984375 0.349609375
0 0.0859375 0.6875 0.125 0.6484375 0.0859375 0.6484375 0.125 0.6875
0 0.8984375 0.41015625 0.9375 0.37109375 0.8984375 0.37109375 0.9375 0.41015625
0 0.177734375 0.40234375 0.216796875 0.36328125 0.177734375 0.36328125 0.216796875 0.40234375
0 0.79296875 0.62890625 0.83203125 0.58984375 0.79296875 0.58984375 0.83203125 0.62890625
0 0.62890625 0.4296875 0.66796875 0.390625 0.62890625 0.390625 0.66796875 0.4296875
0 0.51953125 0.517578125 0.55859375 0.478515625 0.51953125 0.478515625 0.55859375 0.517578125
0 0.248046875 0.4453125 0.287109375 0.40625 0.248046875 0.40625 0.287109375 0.4453125
0 0.828125 0.150390625 0.8671875 0.111328125 0.828125 0.111328125 0.8671875 0.150390625
0 0.54296875 0.765625 0.58203125 0.7265625 0.54296875 0.7265625 0.58203125 0.765625
