0 0.240234375 0.14453125 0.279296875 0.10546875 0.240234375 0.10546875 0.279296875 0.14453125
0 0.171875 0.634765625 0.2109375 0.595703125 0.171875 0.595703125 0.2109375 0.634765625
0 0.638671875 0.80859375 0.677734375 0.76953125 0.638671875 0.76953125 0.677734375 0.80859375
0 0.615234375 0.57421875 0.654296875 0.53515625 0.615234375 0.53515625 0.654296875 0.57421875
0 0.72265625 0.181640625 0.76171875 0.142578125 0.72265625 0.142578125 0.76171875 0.181640625
0 0.333984375 0.146484375 0.373046875 0.107421875 0.333984375 0.107421875 0.373046875 0.146484375
0 0.421875 0.73828125 0.4609375 0.69921875 0.421875 0.69921875 0.4609375 0.73828125
0 0.103515625 0.884765625 0.142578125 0.845703125 0.103515625 0.845703125 0.142578125 0.884765625
0 0.3828125 0.55859375 0.421875 0.51953125 0.3828125 0.51953125 0.421875 0.55859375
0 0.078125 0.64453125 0.1171875 0.60546875 0.078125 0.60546875 0.1171875 0.64453125
0 0.44921875 0.62109375 0.48828125 0.58203125 0.44921875 0.58203125 0.48828125 0.62109375
0 0.4609375 0.14453125 0.5 0.10546875 0.4609375 0.10546875 0.5 0.14453125
0 0.16796875 0.140625 0.20703125 0.1015625 0.16796875 0.1015625 0.20703125 0.140625
0 0.61328125 0.203125 0.65234375 0.1640625 0.61328125 0.1640625 0.65234375 0.203125
