0 0.890625 0.26953125 0.9296875 0.23046875 0.890625 0.23046875 0.9296875 0.26953125
0 0.345703125 0.28125 0.384765625 0.2421875 0.345703125 0.2421875 0.384765625 0.28125
0 0.060546875 0.5703125 0.099609375 0.53125 0.060546875 0.53125 0.099609375 0.5703125
0 0.216796875 0.41796875 0.255859375 0.37890625 0.216796875 0.37890625 0.255859375 0.41796875
0 0.52734375 0.861328125 0.56640625 0.822265625 0.52734375 0.822265625 0.56640625 0.861328125
0 0.716796875 0.671875 0.755859375 0.6328125 0.716796875 0.6328125 0.755859375 0.671875
0 0.6875 0.71484375 0.7265625 0.67578125 0.6875 0.67578125 0.7265625 0.71484375
0 0.12109375 0.486328125 0.16015625 0.447265625 0.12109375 0.447265625 0.16015625 0.486328125
0 0.28125 0.318359375 0.3203125 0.279296875 0.28125 0.279296875 0.3203125 0.318359375
0 0.78515625 0.396484375 0.82421875 0.357421875 0.78515625 0.357421875 0.82421875 0.396484375
0 0.6015625 0.275390625 0.640625 0.236328125 0.6015625 0.236328125 0.640625 0.275390625
0 0.28515625 0.251953125 0.32421875 0.212890625 0.28515625 0.212890625 0.32421875 0.251953125
