0 0.32421875 0.267578125 0.36328125 0.228515625 0.32421875 0.228515625 0.36328125 0.267578125
0 0.826171875 0.158203125 0.865234375 0.119140625 0.826171875 0.119140625 0.865234375 0.158203125
0 0.796875 0.626953125 0.8359375 0.587890625 0.796875 0.587890625 0.8359375 0.626953125
0 0.912109375 0.515625 0.951171875 0.4765625 0.912109375 0.4765625 0.951171875 0.515625
0 0.888671875 0.77734375 0.927734375 0.73828125 0.888671875 0.73828125 0.927734375 0.77734375
0 0.666015625 0.75 0.705078125 0.7109375 0.666015625 0.7109375 0.705078125 0.75
0 0.849609375 0.521484375 0.888671875 0.482421875 0.849609375 0.482421875 0.888671875 0.521484375
0 0.298828125 0.412109375 0.337890625 0.373046875 0.298828125 0.373046875 0.337890625 0.412109375
0 0.880859375 0.552734375 0.919921875 0.513671875 0.880859375 0.513671875 0.919921875 0.552734375
0 0.1484375 0.546875 0.1875 0.5078125 0.1484375 0.5078125 0.1875 0.546875
