0 0.603515625 0.568359375 0.642578125 0.529296875 0.603515625 0.529296875 0.642578125 0.568359375
0 0.861328125 0.75390625 0.900390625 0.71484375 0.861328125 0.71484375 0.900390625 0.75390625
0 0.849609375 0.06640625 0.888671875 0.02734375 0.849609375 0.02734375 0.888671875 0.06640625
0 0.216796875 0.787109375 0.255859375 0.748046875 0.216796875 0.748046875 0.255859375 0.787109375
0 0.212890625 0.697265625 0.251953125 0.658203125 0.212890625 0.658203125 0.251953125 0.697265625
0 0.544921875 0.158203125 0.583984375 0.119140625 0.544921875 0.119140625 0.583984375 0.158203125
0 0.087890625 0.177734375 0.126953125 0.138671875 0.087890625 0.138671875 0.126953125 0.177734375
0 0.3515625 0.29296875 0.390625 0.25390625 0.3515625 0.25390625 0.390625 0.29296875
0 0.912109375 0.103515625 0.951171875 0.064453125 0.912109375 0.064453125 0.951171875 0.103515625
0 0.29296875 0.349609375 0.33203125 0.310546875 0.29296875 0.310546875 0.33203125 0.349609375
0 0.486328125 0.84375 0.525390625 0.8046875 0.486328125 0.8046875 0.525390625 0.84375
