0 0.759765625 0.5078125 0.798828125 0.46875 0.759765625 0.46875 0.798828125 0.5078125
0 0.048828125 0.15625 0.087890625 0.1171875 0.048828125 0.1171875 0.087890625 0.15625
0 0.22265625 0.1640625 0.26171875 0.125 0.22265625 0.125 0.26171875 0.1640625
0 0.26953125 0.568359375 0.30859375 0.529296875 0.26953125 0.529296875 0.30859375 0.568359375
0 0.6328125 0.091796875 0.671875 0.052734375 0.6328125 0.052734375 0.671875 0.091796875
0 0.29296875 0.634765625 0.33203125 0.595703125 0.29296875 0.595703125 0.33203125 0.634765625
0 0.39453125 0.658203125 0.43359375 0.619140625 0.39453125 0.619140625 0.43359375 0.658203125
0 0.615234375 0.654296875 0.654296875 0.615234375 0.615234375 0.615234375 0.654296875 0.654296875
0 0.333984375 0.375 0.373046875 0.3359375 0.333984375 0.3359375 0.373046875 0.375
0 0.248046875 0.787109375 0.287109375 0.748046875 0.248046875 0.748046875 0.287109375 0.787109375
0 0.171875 0.556640625 0.2109375 0.517578125 0.171875 0.517578125 0.2109375 0.556640625
