0 0.203125 0.435546875 0.2421875 0.396484375 0.203125 0.396484375 0.2421875 0.435546875
0 0.75 0.75 0.7890625 0.7109375 0.75 0.7109375 0.7890625 0.75
0 0.1796875 0.296875 0.21875 0.2578125 0.1796875 0.2578125 0.21875 0.296875
0 0.44140625 0.8046875 0.48046875 0.765625 0.44140625 0.765625 0.48046875 0.8046875
0 0.810546875 0.92578125 0.849609375 0.88671875 0.810546875 0.88671875 0.849609375 0.92578125
0 0.427734375 0.86328125 0.466796875 0.82421875 0.427734375 0.82421875 0.466796875 0.86328125
0 0.181640625 0.234375 0.220703125 0.1953125 0.181640625 0.1953125 0.220703125 0.234375
0 0.134765625 0.220703125 0.173828125 0.181640625 0.134765625 0.181640625 0.173828125 0.220703125
0 0.609375 0.69921875 0.6484375 0.66015625 0.609375 0.66015625 0.6484375 0.69921875
0 0.232421875 0.171875 0.271484375 0.1328125 0.232421875 0.1328125 0.271484375 0.171875
0 0.53515625 0.123046875 0.57421875 0.083984375 0.53515625 0.083984375 0.57421875 0.123046875
