0 0.591796875 0.435546875 0.630859375 0.396484375 0.591796875 0.396484375 0.630859375 0.435546875
0 0.6328125 0.96875 0.671875 0.9296875 0.6328125 0.9296875 0.671875 0.96875
0 0.775390625 0.955078125 0.814453125 0.916015625 0.775390625 0.916015625 0.814453125 0.955078125
0 0.873046875 0.701171875 0.912109375 0.662109375 0.873046875 0.662109375 0.912109375 0.701171875
0 0.3515625 0.712890625 0.390625 0.673828125 0.3515625 0.673828125 0.390625 0.712890625
0 0.328125 0.625 0.3671875 0.5859375 0.328125 0.5859375 0.3671875 0.625
0 0.099609375 0.66796875 0.138671875 0.62890625 0.099609375 0.62890625 0.138671875 0.66796875
0 0.36328125 0.896484375 0.40234375 0.857421875 0.36328125 0.857421875 0.40234375 0.896484375
0 0.66796875 0.84375 0.70703125 0.8046875 0.66796875 0.8046875 0.70703125 0.84375
0 0.767578125 0.2265625 0.806640625 0.1875 0.767578125 0.1875 0.806640625 0.2265625
0 0.552734375 0.216796875 0.591796875 0.177734375 0.552734375 0.177734375 0.591796875 0.216796875
