0 0.60546875 0.208984375 0.64453125 0.169921875 0.60546875 0.169921875 0.64453125 0.208984375
0 0.826171875 0.482421875 0.865234375 0.443359375 0.826171875 0.443359375 0.865234375 0.482421875
0 0.212890625 0.6484375 0.251953125 0.609375 0.212890625 0.609375 0.251953125 0.6484375
0 0.748046875 0.564453125 0.787109375 0.525390625 0.748046875 0.525390625 0.787109375 0.564453125
0 0.5390625 0.166015625 0.578125 0.126953125 0.5390625 0.126953125 0.578125 0.166015625
0 0.337890625 0.658203125 0.376953125 0.619140625 0.337890625 0.619140625 0.376953125 0.658203125
0 0.599609375 0.9140625 0.638671875 0.875 0.599609375 0.875 0.638671875 0.9140625
0 0.166015625 0.791015625 0.205078125 0.751953125 0.166015625 0.751953125 0.205078125 0.791015625
0 0.248046875 0.580078125 0.287109375 0.541015625 0.248046875 0.541015625 0.287109375 0.580078125
0 0.330078125 0.732421875 0.369140625 0.693359375 0.330078125 0.693359375 0.369140625 0.732421875
0 0.353515625 0.32421875 0.392578125 0.28515625 0.353515625 0.28515625 0.392578125 0.32421875
