0 0.4921875 0.74609375 0.53125 0.70703125 0.4921875 0.70703125 0.53125 0.74609375
0 0.03125 0.201171875 0.0703125 0.162109375 0.03125 0.162109375 0.0703125 0.201171875
0 0.34375 0.630859375 0.3828125 0.591796875 0.34375 0.591796875 0.3828125 0.630859375
0 0.533203125 0.21484375 0.572265625 0.17578125 0.533203125 0.17578125 0.572265625 0.21484375
0 0.40234375 0.13671875 0.44140625 0.09765625 0.40234375 0.09765625 0.44140625 0.13671875
0 0.052734375 0.9453125 0.091796875 0.90625 0.052734375 0.90625 0.091796875 0.9453125
0 0.583984375 0.88671875 0.623046875 0.84765625 0.583984375 0.84765625 0.623046875 0.88671875
0 0.896484375 0.9609375 0.935546875 0.921875 0.896484375 0.921875 0.935546875 0.9609375
0 0.1484375 0.65625 0.1875 0.6171875 0.1484375 0.6171875 0.1875 0.65625
0 0.572265625 0.1953125 0.611328125 0.15625 0.572265625 0.15625 0.611328125 0.1953125
0 0.408203125 0.83984375 0.447265625 0.80078125 0.408203125 0.80078125 0.447265625 0.83984375
0 0.0390625 0.1953125 0.078125 0.15625 0.0390625 0.15625 0.078125 0.1953125
