0 0.732421875 0.193359375 0.771484375 0.154296875 0.732421875 0.154296875 0.771484375 0.193359375
0 0.177734375 0.50390625 0.216796875 0.46484375 0.177734375 0.46484375 0.216796875 0.50390625
0 0.14453125 0.48046875 0.18359375 0.44140625 0.14453125 0.44140625 0.18359375 0.48046875
0 0.87109375 0.810546875 0.91015625 0.771484375 0.87109375 0.771484375 0.91015625 0.810546875
0 0.728515625 0.205078125 0.767578125 0.166015625 0.728515625 0.166015625 0.767578125 0.205078125
0 0.353515625 0.10546875 0.392578125 0.06640625 0.353515625 0.06640625 0.392578125 0.10546875
0 0.888671875 0.95703125 0.927734375 0.91796875 0.888671875 0.91796875 0.927734375 0.95703125
0 0.138671875 0.1015625 0.177734375 0.0625 0.138671875 0.0625 0.177734375 0.1015625
0 0.083984375 0.345703125 0.123046875 0.306640625 0.083984375 0.306640625 0.123046875 0.345703125
0 0.146484375 0.388671875 0.185546875 0.349609375 0.146484375 0.349609375 0.185546875 0.388671875
0 0.05078125 0.931640625 0.08984375 0.892578125 0.05078125 0.892578125 0.08984375 0.931640625
