0 0.080078125 0.150390625 0.119140625 0.111328125 0.080078125 0.111328125 0.119140625 0.150390625
0 0.068359375 0.099609375 0.107421875 0.060546875 0.068359375 0.060546875 0.107421875 0.099609375
0 0.033203125 0.53515625 0.072265625 0.49609375 0.033203125 0.49609375 0.072265625 0.53515625
0 0.1484375 0.3515625 0.1875 0.3125 0.1484375 0.3125 0.1875 0.3515625
0 0.09375 0.63671875 0.1328125 0.59765625 0.09375 0.59765625 0.1328125 0.63671875
0 0.12890625 0.751953125 0.16796875 0.712890625 0.12890625 0.712890625 0.16796875 0.751953125
0 0.4921875 0.447265625 0.53125 0.408203125 0.4921875 0.408203125 0.53125 0.447265625
0 0.220703125 0.552734375 0.259765625 0.513671875 0.220703125 0.513671875 0.259765625 0.552734375
0 0.5078125 0.94140625 0.546875 0.90234375 0.5078125 0.90234375 0.546875 0.94140625
0 0.3046875 0.4140625 0.34375 0.375 0.3046875 0.375 0.34375 0.4140625
0 0.541015625 0.30859375 0.580078125 0.26953125 0.541015625 0.26953125 0.580078125 0.30859375
