0 0.078125 0.39453125 0.1171875 0.35546875 0.078125 0.35546875 0.1171875 0.39453125
0 0.228515625 0.90625 0.267578125 0.8671875 0.228515625 0.8671875 0.267578125 0.90625
0 0.310546875 0.517578125 0.349609375 0.478515625 0.310546875 0.478515625 0.349609375 0.517578125
0 0.62109375 0.529296875 0.66015625 0.490234375 0.62109375 0.490234375 0.66015625 0.529296875
0 0.6015625 0.25 0.640625 0.2109375 0.6015625 0.2109375 0.640625 0.25
0 0.138671875 0.833984375 0.177734375 0.794921875 0.138671875 0.794921875 0.177734375 0.833984375
0 0.72265625 0.544921875 0.76171875 0.505859375 0.72265625 0.505859375 0.76171875 0.544921875
0 0.5 0.69921875 0.5390625 0.66015625 0.5 0.66015625 0.5390625 0.69921875
0 0.3515625 0.66796875 0.390625 0.62890625 0.3515625 0.62890625 0.390625 0.66796875
0 0.552734375 0.529296875 0.591796875 0.490234375 0.552734375 0.490234375 0.591796875 0.529296875
0 0.865234375 0.9375 0.904296875 0.8984375 0.865234375 0.8984375 0.904296875 0.9375
0 0.865234375 0.783203125 0.904296875 0.744140625 0.865234375 0.744140625 0.904296875 0.783203125
0 0.369140625 0.86328125 0.408203125 0.82421875 0.369140625 0.82421875 0.408203125 0.86328125
0 0.84765625 0.41796875 0.88671875 0.37890625 0.84765625 0.37890625 0.88671875 0.41796875
