0 0.796875 0.830078125 0.8359375 0.791015625 0.796875 0.791015625 0.8359375 0.830078125
0 0.421875 0.599609375 0.4609375 0.560546875 0.421875 0.560546875 0.4609375 0.599609375
0 0.892578125 0.224609375 0.931640625 0.185546875 0.892578125 0.185546875 0.931640625 0.224609375
0 0.205078125 0.7890625 0.244140625 0.75 0.205078125 0.75 0.244140625 0.7890625
0 0.275390625 0.6484375 0.314453125 0.609375 0.275390625 0.609375 0.314453125 0.6484375
0 0.744140625 0.7890625 0.783203125 0.75 0.744140625 0.75 0.783203125 0.7890625
0 0.498046875 0.099609375 0.537109375 0.060546875 0.498046875 0.060546875 0.537109375 0.099609375
0 0.701171875 0.408203125 0.740234375 0.369140625 0.701171875 0.369140625 0.740234375 0.408203125
0 0.912109375 0.884765625 0.951171875 0.845703125 0.912109375 0.845703125 0.951171875 0.884765625
0 0.5859375 0.61328125 0.625 0.57421875 0.5859375 0.57421875 0.625 0.61328125
0 0.15625 0.3125 0.1953125 0.2734375 0.15625 0.2734375 0.1953125 0.3125
0 0.765625 0.73046875 0.8046875 0.69140625 0.765625 0.69140625 0.8046875 0.73046875
0 0.48828125 0.109375 0.52734375 0.0703125 0.48828125 0.0703125 0.52734375 0.109375
