0 0.06640625 0.904296875 0.10546875 0.865234375 0.06640625 0.865234375 0.10546875 0.904296875
0 0.216796875 0.494140625 0.255859375 0.455078125 0.216796875 0.455078125 0.255859375 0.494140625
0 0.35546875 0.439453125 0.39453125 0.400390625 0.35546875 0.400390625 0.39453125 0.439453125
0 0.15625 0.72265625 0.1953125 0.68359375 0.15625 0.68359375 0.1953125 0.72265625
0 0.443359375 0.5625 0.482421875 0.5234375 0.443359375 0.5234375 0.482421875 0.5625
0 0.609375 0.63671875 0.6484375 0.59765625 0.609375 0.59765625 0.6484375 0.63671875
0 0.91015625 0.236328125 0.94921875 0.197265625 0.91015625 0.197265625 0.94921875 0.236328125
0 0.560546875 0.40625 0.599609375 0.3671875 0.560546875 0.3671875 0.599609375 0.40625
0 0.830078125 0.4140625 0.869140625 0.375 0.830078125 0.375 0.869140625 0.4140625
0 0.111328125 0.490234375 0.150390625 0.451171875 0.111328125 0.451171875 0.150390625 0.490234375
0 0.83203125 0.078125 0.87109375 0.0390625 0.83203125 0.0390625 0.87109375 0.078125
0 0.701171875 0.919921875 0.740234375 0.880859375 0.701171875 0.880859375 0.740234375 0.919921875
0 0.28125 0.59375 0.3203125 0.5546875 0.28125 0.5546875 0.3203125 0.59375
