0 0.373046875 0.58984375 0.412109375 0.55078125 0.373046875 0.55078125 0.412109375 0.58984375
0 0.740234375 0.22265625 0.779296875 0.18359375 0.740234375 0.18359375 0.779296875 0.22265625
0 0.259765625 0.869140625 0.298828125 0.830078125 0.259765625 0.830078125 0.298828125 0.869140625
0 0.376953125 0.2265625 0.416015625 0.1875 0.376953125 0.1875 0.416015625 0.2265625
0 0.859375 0.666015625 0.8984375 0.626953125 0.859375 0.626953125 0.8984375 0.666015625
0 0.08984375 0.607421875 0.12890625 0.568359375 0.08984375 0.568359375 0.12890625 0.607421875
0 0.78515625 0.92578125 0.82421875 0.88671875 0.78515625 0.88671875 0.82421875 0.92578125
0 0.158203125 0.791015625 0.197265625 0.751953125 0.158203125 0.751953125 0.197265625 0.791015625
0 0.435546875 0.439453125 0.474609375 0.400390625 0.435546875 0.400390625 0.474609375 0.439453125
0 0.796875 0.595703125 0.8359375 0.556640625 0.796875 0.556640625 0.8359375 0.595703125
0 0.33984375 0.462890625 0.37890625 0.423828125 0.33984375 0.423828125 0.37890625 0.462890625
0 0.91015625 0.19140625 0.94921875 0.15234375 0.91015625 0.15234375 0.94921875 0.19140625
