0 0.142578125 0.93359375 0.181640625 0.89453125 0.142578125 0.89453125 0.181640625 0.93359375
0 0.619140625 0.345703125 0.658203125 0.306640625 0.619140625 0.306640625 0.658203125 0.345703125
0 0.03125 0.859375 0.0703125 0.8203125 0.03125 0.8203125 0.0703125 0.859375
0 0.181640625 0.595703125 0.220703125 0.556640625 0.181640625 0.556640625 0.220703125 0.595703125
0 0.26953125 0.755859375 0.30859375 0.716796875 0.26953125 0.716796875 0.30859375 0.755859375
0 0.7265625 0.2734375 0.765625 0.234375 0.7265625 0.234375 0.765625 0.2734375
0 0.79296875 0.58203125 0.83203125 0.54296875 0.79296875 0.54296875 0.83203125 0.58203125
0 0.646484375 0.416015625 0.685546875 0.376953125 0.646484375 0.376953125 0.685546875 0.416015625
0 0.220703125 0.92578125 0.259765625 0.88671875 0.220703125 0.88671875 0.259765625 0.92578125
0 0.65625 0.076171875 0.6953125 0.037109375 0.65625 0.037109375 0.6953125 0.076171875
0 0.69140625 0.9140625 0.73046875 0.875 0.69140625 0.875 0.73046875 0.9140625
0 0.19140625 0.875 0.23046875 0.8359375 0.19140625 0.8359375 0.23046875 0.875
