0 0.517578125 0.1015625 0.556640625 0.0625 0.517578125 0.0625 0.556640625 0.1015625
0 0.8984375 0.265625 0.9375 0.2265625 0.8984375 0.2265625 0.9375 0.265625
0 0.05859375 0.30859375 0.09765625 0.26953125 0.05859375 0.26953125 0.09765625 0.30859375
0 0.6015625 0.73046875 0.640625 0.69140625 0.6015625 0.69140625 0.640625 0.73046875
0 0.083984375 0.392578125 0.123046875 0.353515625 0.083984375 0.353515625 0.123046875 0.392578125
0 0.158203125 0.115234375 0.197265625 0.076171875 0.158203125 0.076171875 0.197265625 0.115234375
0 0.638671875 0.7109375 0.677734375 0.671875 0.638671875 0.671875 0.677734375 0.7109375
0 0.609375 0.333984375 0.6484375 0.294921875 0.609375 0.294921875 0.6484375 0.333984375
0 0.130859375 0.966796875 0.169921875 0.927734375 0.130859375 0.927734375 0.169921875 0.966796875
0 0.083984375 0.095703125 0.123046875 0.056640625 0.083984375 0.056640625 0.123046875 0.095703125
0 0.62890625 0.53125 0.66796875 0.4921875 0.62890625 0.4921875 0.66796875 0.53125
0 0.240234375 0.802734375 0.279296875 0.763671875 0.240234375 0.763671875 0.279296875 0.802734375
