0 0.38671875 0.8359375 0.42578125 0.796875 0.38671875 0.796875 0.42578125 0.8359375
0 0.158203125 0.67578125 0.197265625 0.63671875 0.158203125 0.63671875 0.197265625 0.67578125
0 0.90234375 0.6640625 0.94140625 0.625 0.90234375 0.625 0.94140625 0.6640625
0 0.849609375 0.072265625 0.888671875 0.033203125 0.849609375 0.033203125 0.888671875 0.072265625
0 0.572265625 0.341796875 0.611328125 0.302734375 0.572265625 0.302734375 0.611328125 0.341796875
0 0.388671875 0.14453125 0.427734375 0.10546875 0.388671875 0.10546875 0.427734375 0.14453125
0 0.732421875 0.92578125 0.771484375 0.88671875 0.732421875 0.88671875 0.771484375 0.92578125
0 0.869140625 0.38671875 0.908203125 0.34765625 0.869140625 0.34765625 0.908203125 0.38671875
0 0.474609375 0.642578125 0.513671875 0.603515625 0.474609375 0.603515625 0.513671875 0.642578125
0 0.298828125 0.25390625 0.337890625 0.21484375 0.298828125 0.21484375 0.337890625 0.25390625
