0 0.064453125 0.513671875 0.103515625 0.474609375 0.064453125 0.474609375 0.103515625 0.513671875
0 0.5234375 0.8359375 0.5625 0.796875 0.5234375 0.796875 0.5625 0.8359375
0 0.75 0.53125 0.7890625 0.4921875 0.75 0.4921875 0.7890625 0.53125
0 0.5 0.591796875 0.5390625 0.552734375 0.5 0.552734375 0.5390625 0.591796875
0 0.54296875 0.3359375 0.58203125 0.296875 0.54296875 0.296875 0.58203125 0.3359375
0 0.6796875 0.857421875 0.71875 0.818359375 0.6796875 0.818359375 0.71875 0.857421875
0 0.044921875 0.109375 0.083984375 0.0703125 0.044921875 0.0703125 0.083984375 0.109375
0 0.919921875 0.376953125 0.958984375 0.337890625 0.919921875 0.337890625 0.958984375 0.376953125
0 0.111328125 0.876953125 0.150390625 0.837890625 0.111328125 0.837890625 0.150390625 0.876953125
0 0.6953125 0.537109375 0.734375 0.498046875 0.6953125 0.498046875 0.734375 0.537109375
0 0.333984375 0.142578125 0.373046875 0.103515625 0.333984375 0.103515625 0.373046875 0.142578125
0 0.060546875 0.845703125 0.099609375 0.806640625 0.060546875 0.806640625 0.099609375 0.845703125
0 0.369140625 0.796875 0.408203125 0.7578125 0.369140625 0.7578125 0.408203125 0.796875
0 0.673828125 0.419921875 0.712890625 0.380859375 0.673828125 0.380859375 0.712890625 0.419921875
