0 0.685546875 0.7265625 0.724609375 0.6875 0.685546875 0.6875 0.724609375 0.7265625
0 0.466796875 0.208984375 0.505859375 0.169921875 0.466796875 0.169921875 0.505859375 0.208984375
0 0.140625 0.197265625 0.1796875 0.158203125 0.140625 0.158203125 0.1796875 0.197265625
0 0.478515625 0.40234375 0.517578125 0.36328125 0.478515625 0.36328125 0.517578125 0.40234375
0 0.796875 0.515625 0.8359375 0.4765625 0.796875 0.4765625 0.8359375 0.515625
0 0.1796875 0.6796875 0.21875 0.640625 0.1796875 0.640625 0.21875 0.6796875
0 0.3125 0.943359375 0.3515625 0.904296875 0.3125 0.904296875 0.3515625 0.943359375
0 0.666015625 0.4375 0.705078125 0.3984375 0.666015625 0.3984375 0.705078125 0.4375
0 0.32421875 0.541015625 0.36328125 0.501953125 0.32421875 0.501953125 0.36328125 0.541015625
0 0.724609375 0.634765625 0.763671875 0.595703125 0.724609375 0.595703125 0.763671875 0.634765625
0 0.255859375 0.24609375 0.294921875 0.20703125 0.255859375 0.20703125 0.294921875 0.24609375
0 0.728515625 0.541015625 0.767578125 0.501953125 0.728515625 0.501953125 0.767578125 0.541015625
0 0.09765625 0.51171875 0.13671875 0.47265625 0.09765625 0.47265625 0.13671875 0.51171875
0 0.591796875 0.634765625 0.630859375 0.595703125 0.591796875 0.595703125 0.630859375 0.634765625
