0 0.875 0.28515625 0.9140625 0.24609375 0.875 0.24609375 0.9140625 0.28515625
0 0.10546875 0.91015625 0.14453125 0.87109375 0.10546875 0.87109375 0.14453125 0.91015625
0 0.212890625 0.35546875 0.251953125 0.31640625 0.212890625 0.31640625 0.251953125 0.35546875
0 0.33203125 0.69140625 0.37109375 0.65234375 0.33203125 0.65234375 0.37109375 0.69140625
0 0.052734375 0.513671875 0.091796875 0.474609375 0.052734375 0.474609375 0.091796875 0.513671875
0 0.70703125 0.666015625 0.74609375 0.626953125 0.70703125 0.626953125 0.74609375 0.666015625
0 0.3359375 0.16796875 0.375 0.12890625 0.3359375 0.12890625 0.375 0.16796875
0 0.720703125 0.7734375 0.759765625 0.734375 0.720703125 0.734375 0.759765625 0.7734375
0 0.802734375 0.294921875 0.841796875 0.255859375 0.802734375 0.255859375 0.841796875 0.294921875
0 0.033203125 0.412109375 0.072265625 0.373046875 0.033203125 0.373046875 0.072265625 0.412109375
0 0.90234375 0.48046875 0.94140625 0.44140625 0.90234375 0.44140625 0.94140625 0.48046875
