0 0.578125 0.31640625 0.6171875 0.27734375 0.578125 0.27734375 0.6171875 0.31640625
0 0.65234375 0.572265625 0.69140625 0.533203125 0.65234375 0.533203125 0.69140625 0.572265625
0 0.169921875 0.279296875 0.208984375 0.240234375 0.169921875 0.240234375 0.208984375 0.279296875
0 0.41796875 0.958984375 0.45703125 0.919921875 0.41796875 0.919921875 0.45703125 0.958984375
0 0.33203125 0.962890625 0.37109375 0.923828125 0.33203125 0.923828125 0.37109375 0.962890625
0 0.322265625 0.126953125 0.361328125 0.087890625 0.322265625 0.087890625 0.361328125 0.126953125
0 0.193359375 0.177734375 0.232421875 0.138671875 0.193359375 0.138671875 0.232421875 0.177734375
0 0.802734375 0.275390625 0.841796875 0.236328125 0.802734375 0.236328125 0.841796875 0.275390625
0 0.32421875 0.93359375 0.36328125 0.89453125 0.32421875 0.89453125 0.36328125 0.93359375
0 0.765625 0.927734375 0.8046875 0.888671875 0.765625 0.888671875 0.8046875 0.927734375
0 0.2578125 0.703125 0.296875 0.6640625 0.2578125 0.6640625 0.296875 0.703125
