0 0.103515625 0.1953125 0.142578125 0.15625 0.103515625 0.15625 0.142578125 0.1953125
0 0.125 0.595703125 0.1640625 0.556640625 0.125 0.556640625 0.1640625 0.595703125
0 0.45703125 0.5703125 0.49609375 0.53125 0.45703125 0.53125 0.49609375 0.5703125
0 0.7734375 0.201171875 0.8125 0.162109375 0.7734375 0.162109375 0.8125 0.201171875
0 0.91015625 0.416015625 0.94921875 0.376953125 0.91015625 0.376953125 0.94921875 0.416015625
0 0.515625 0.796875 0.5546875 0.7578125 0.515625 0.7578125 0.5546875 0.796875
0 0.828125 0.86328125 0.8671875 0.82421875 0.828125 0.82421875 0.8671875 0.86328125
0 0.5859375 0.21875 0.625 0.1796875 0.5859375 0.1796875 0.625 0.21875
0 0.619140625 0.9375 0.658203125 0.8984375 0.619140625 0.8984375 0.658203125 0.9375
0 0.92578125 0.859375 0.96484375 0.8203125 0.92578125 0.8203125 0.96484375 0.859375
0 0.271484375 0.4140625 0.310546875 0.375 0.271484375 0.375 0.310546875 0.4140625
0 0.25 0.43359375 0.2890625 0.39453125 0.25 0.39453125 0.2890625 0.43359375
