0 0.603515625 0.873046875 0.642578125 0.833984375 0.603515625 0.833984375 0.642578125 0.873046875
0 0.12109375 0.439453125 0.16015625 0.400390625 0.12109375 0.400390625 0.16015625 0.439453125
0 0.576171875 0.822265625 0.615234375 0.783203125 0.576171875 0.783203125 0.615234375 0.822265625
0 0.615234375 0.94921875 0.654296875 0.91015625 0.615234375 0.91015625 0.654296875 0.94921875
0 0.4609375 0.822265625 0.5 0.783203125 0.4609375 0.783203125 0.5 0.822265625
0 0.78125 0.19140625 0.8203125 0.15234375 0.78125 0.15234375 0.8203125 0.19140625
0 0.251953125 0.650390625 0.291015625 0.611328125 0.251953125 0.611328125 0.291015625 0.650390625
0 0.708984375 0.845703125 0.748046875 0.806640625 0.708984375 0.806640625 0.748046875 0.845703125
0 0.576171875 0.1484375 0.615234375 0.109375 0.576171875 0.109375 0.615234375 0.1484375
0 0.115234375 0.451171875 0.154296875 0.412109375 0.115234375 0.412109375 0.154296875 0.451171875
0 0.142578125 0.806640625 0.181640625 0.767578125 0.142578125 0.767578125 0.181640625 0.806640625
0 0.10546875 0.560546875 0.14453125 0.521484375 0.10546875 0.521484375 0.14453125 0.560546875
0 0.7265625 0.240234375 0.765625 0.201171875 0.7265625 0.201171875 0.765625 0.240234375
0 0.4296875 0.48828125 0.46875 0.44921875 0.4296875 0.44921875 0.46875 0.48828125
