0 0.806640625 0.1640625 0.845703125 0.125 0.806640625 0.125 0.845703125 0.1640625
0 0.38671875 0.27734375 0.42578125 0.23828125 0.38671875 0.23828125 0.42578125 0.27734375
0 0.82421875 0.47265625 0.86328125 0.43359375 0.82421875 0.43359375 0.86328125 0.47265625
0 0.546875 0.6953125 0.5859375 0.65625 0.546875 0.65625 0.5859375 0.6953125
0 0.71875 0.15234375 0.7578125 0.11328125 0.71875 0.11328125 0.7578125 0.15234375
0 0.375 0.548828125 0.4140625 0.509765625 0.375 0.509765625 0.4140625 0.548828125
0 0.4140625 0.68359375 0.453125 0.64453125 0.4140625 0.64453125 0.453125 0.68359375
0 0.263671875 0.74609375 0.302734375 0.70703125 0.263671875 0.70703125 0.302734375 0.74609375
0 0.068359375 0.662109375 0.107421875 0.623046875 0.068359375 0.623046875 0.107421875 0.662109375
0 0.15625 0.53125 0.1953125 0.4921875 0.15625 0.4921875 0.1953125 0.53125
0 0.068359375 0.373046875 0.107421875 0.333984375 0.068359375 0.333984375 0.107421875 0.373046875
0 0.333984375 0.556640625 0.373046875 0.517578125 0.333984375 0.517578125 0.373046875 0.556640625
0 0.263671875 0.962890625 0.302734375 0.923828125 0.263671875 0.923828125 0.302734375 0.962890625
0 0.611328125 0.392578125 0.650390625 0.353515625 0.611328125 0.353515625 0.650390625 0.392578125
