0 0.298828125 0.685546875 0.337890625 0.646484375 0.298828125 0.646484375 0.337890625 0.685546875
0 0.908203125 0.54296875 0.947265625 0.50390625 0.908203125 0.50390625 0.947265625 0.54296875
0 0.3125 0.759765625 0.3515625 0.720703125 0.3125 0.720703125 0.3515625 0.759765625
0 0.896484375 0.62109375 0.935546875 0.58203125 0.896484375 0.58203125 0.935546875 0.62109375
0 0.818359375 0.861328125 0.857421875 0.822265625 0.818359375 0.822265625 0.857421875 0.861328125
0 0.033203125 0.357421875 0.072265625 0.318359375 0.033203125 0.318359375 0.072265625 0.357421875
0 0.6796875 0.724609375 0.71875 0.685546875 0.6796875 0.685546875 0.71875 0.724609375
0 0.85546875 0.654296875 0.89453125 0.615234375 0.85546875 0.615234375 0.89453125 0.654296875
0 0.248046875 0.5390625 0.287109375 0.5 0.248046875 0.5 0.287109375 0.5390625
0 0.18359375 0.673828125 0.22265625 0.634765625 0.18359375 0.634765625 0.22265625 0.673828125
0 0.630859375 0.486328125 0.669921875 0.447265625 0.630859375 0.447265625 0.669921875 0.486328125
0 0.068359375 0.798828125 0.107421875 0.759765625 0.068359375 0.759765625 0.107421875 0.798828125
0 0.078125 0.498046875 0.1171875 0.458984375 0.078125 0.458984375 0.1171875 0.498046875
0 0.779296875 0.482421875 0.818359375 0.443359375 0.779296875 0.443359375 0.818359375 0.482421875
