0 0.072265625 0.548828125 0.111328125 0.509765625 0.072265625 0.509765625 0.111328125 0.548828125
0 0.755859375 0.73828125 0.794921875 0.69921875 0.755859375 0.69921875 0.794921875 0.73828125
0 0.408203125 0.947265625 0.447265625 0.908203125 0.408203125 0.908203125 0.447265625 0.947265625
0 0.826171875 0.95703125 0.865234375 0.91796875 0.826171875 0.91796875 0.865234375 0.95703125
0 0.294921875 0.609375 0.333984375 0.5703125 0.294921875 0.5703125 0.333984375 0.609375
0 0.46875 0.150390625 0.5078125 0.111328125 0.46875 0.111328125 0.5078125 0.150390625
0 0.798828125 0.583984375 0.837890625 0.544921875 0.798828125 0.544921875 0.837890625 0.583984375
0 0.705078125 0.34375 0.744140625 0.3046875 0.705078125 0.3046875 0.744140625 0.34375
0 0.86328125 0.306640625 0.90234375 0.267578125 0.86328125 0.267578125 0.90234375 0.306640625
0 0.619140625 0.71875 0.658203125 0.6796875 0.619140625 0.6796875 0.658203125 0.71875
0 0.29296875 0.44921875 0.33203125 0.41015625 0.29296875 0.41015625 0.33203125 0.44921875
0 0.625 0.62109375 0.6640625 0.58203125 0.625 0.58203125 0.6640625 0.62109375
