0 0.244140625 0.21484375 0.283203125 0.17578125 0.244140625 0.17578125 0.283203125 0.21484375
0 0.375 0.927734375 0.4140625 0.888671875 0.375 0.888671875 0.4140625 0.927734375
0 0.6875 0.525390625 0.7265625 0.486328125 0.6875 0.486328125 0.7265625 0.525390625
0 0.85546875 0.408203125 0.89453125 0.369140625 0.85546875 0.369140625 0.89453125 0.408203125
0 0.63671875 0.705078125 0.67578125 0.666015625 0.63671875 0.666015625 0.67578125 0.705078125
0 0.37109375 0.837890625 0.41015625 0.798828125 0.37109375 0.798828125 0.41015625 0.837890625
0 0.357421875 0.099609375 0.396484375 0.060546875 0.357421875 0.060546875 0.396484375 0.099609375
0 0.44921875 0.78125 0.48828125 0.7421875 0.44921875 0.7421875 0.48828125 0.78125
0 0.369140625 0.765625 0.408203125 0.7265625 0.369140625 0.7265625 0.408203125 0.765625
0 0.3046875 0.716796875 0.34375 0.677734375 0.3046875 0.677734375 0.34375 0.716796875
