0 0.673828125 0.630859375 0.712890625 0.591796875 0.673828125 0.591796875 0.712890625 0.630859375
0 0.462890625 0.935546875 0.501953125 0.896484375 0.462890625 0.896484375 0.501953125 0.935546875
0 0.083984375 0.30859375 0.123046875 0.26953125 0.083984375 0.26953125 0.123046875 0.30859375
0 0.072265625 0.666015625 0.111328125 0.626953125 0.072265625 0.626953125 0.111328125 0.666015625
0 0.13671875 0.724609375 0.17578125 0.685546875 0.13671875 0.685546875 0.17578125 0.724609375
0 0.4375 0.4296875 0.4765625 0.390625 0.4375 0.390625 0.4765625 0.4296875
0 0.638671875 0.7734375 0.677734375 0.734375 0.638671875 0.734375 0.677734375 0.7734375
0 0.849609375 0.345703125 0.888671875 0.306640625 0.849609375 0.306640625 0.888671875 0.345703125
0 0.501953125 0.671875 0.541015625 0.6328125 0.501953125 0.6328125 0.541015625 0.671875
0 0.681640625 0.328125 0.720703125 0.2890625 0.681640625 0.2890625 0.720703125 0.328125
0 0.09765625 0.861328125 0.13671875 0.822265625 0.09765625 0.822265625 0.13671875 0.861328125
