0 0.458984375 0.349609375 0.498046875 0.310546875 0.458984375 0.310546875 0.498046875 0.349609375
0 0.298828125 0.83984375 0.337890625 0.80078125 0.298828125 0.80078125 0.337890625 0.83984375
0 0.25390625 0.955078125 0.29296875 0.916015625 0.25390625 0.916015625 0.29296875 0.955078125
0 0.609375 0.67578125 0.6484375 0.63671875 0.609375 0.63671875 0.6484375 0.67578125
0 0.841796875 0.849609375 0.880859375 0.810546875 0.841796875 0.810546875 0.880859375 0.849609375
0 0.19921875 0.734375 0.23828125 0.6953125 0.19921875 0.6953125 0.23828125 0.734375
0 0.6875 0.25 0.7265625 0.2109375 0.6875 0.2109375 0.7265625 0.25
0 0.376953125 0.205078125 0.416015625 0.166015625 0.376953125 0.166015625 0.416015625 0.205078125
0 0.296875 0.236328125 0.3359375 0.197265625 0.296875 0.197265625 0.3359375 0.236328125
0 0.736328125 0.48828125 0.775390625 0.44921875 0.736328125 0.44921875 0.775390625 0.48828125
0 0.5625 0.748046875 0.6015625 0.708984375 0.5625 0.708984375 0.6015625 0.748046875
0 0.271484375 0.373046875 0.310546875 0.333984375 0.271484375 0.333984375 0.310546875 0.373046875
