0 0.111328125 0.607421875 0.150390625 0.568359375 0.111328125 0.568359375 0.150390625 0.607421875
0 0.443359375 0.89453125 0.482421875 0.85546875 0.443359375 0.85546875 0.482421875 0.89453125
0 0.453125 0.966796875 0.4921875 0.927734375 0.453125 0.927734375 0.4921875 0.966796875
0 0.28125 0.806640625 0.3203125 0.767578125 0.28125 0.767578125 0.3203125 0.806640625
0 0.328125 0.509765625 0.3671875 0.470703125 0.328125 0.470703125 0.3671875 0.509765625
0 0.314453125 0.72265625 0.353515625 0.68359375 0.314453125 0.68359375 0.353515625 0.72265625
0 0.28125 0.30078125 0.3203125 0.26171875 0.28125 0.26171875 0.3203125 0.30078125
0 0.0859375 0.154296875 0.125 0.115234375 0.0859375 0.115234375 0.125 0.154296875
0 0.625 0.9609375 0.6640625 0.921875 0.625 0.921875 0.6640625 0.9609375
0 0.59765625 0.181640625 0.63671875 0.142578125 0.59765625 0.142578125 0.63671875 0.181640625
0 0.763671875 0.6640625 0.802734375 0.625 0.763671875 0.625 0.802734375 0.6640625
0 0.86328125 0.111328125 0.90234375 0.072265625 0.86328125 0.072265625 0.90234375 0.111328125
0 0.171875 0.34765625 0.2109375 0.30859375 0.171875 0.30859375 0.2109375 0.34765625
0 0.078125 0.875 0.1171875 0.8359375 0.078125 0.8359375 0.1171875 0.875
