0 0.544921875 0.4609375 0.583984375 0.421875 0.544921875 0.421875 0.583984375 0.4609375
0 0.59375 0.654296875 0.6328125 0.615234375 0.59375 0.615234375 0.6328125 0.654296875
0 0.810546875 0.197265625 0.849609375 0.158203125 0.810546875 0.158203125 0.849609375 0.197265625
0 0.68359375 0.88671875 0.72265625 0.84765625 0.68359375 0.84765625 0.72265625 0.88671875
0 0.408203125 0.15234375 0.447265625 0.11328125 0.408203125 0.11328125 0.447265625 0.15234375
0 0.28515625 0.482421875 0.32421875 0.443359375 0.28515625 0.443359375 0.32421875 0.482421875
0 0.267578125 0.8359375 0.306640625 0.796875 0.267578125 0.796875 0.306640625 0.8359375
0 0.224609375 0.537109375 0.263671875 0.498046875 0.224609375 0.498046875 0.263671875 0.537109375
0 0.3671875 0.3359375 0.40625 0.296875 0.3671875 0.296875 0.40625 0.3359375
0 0.837890625 0.794921875 0.876953125 0.755859375 0.837890625 0.755859375 0.876953125 0.794921875
0 0.55859375 0.876953125 0.59765625 0.837890625 0.55859375 0.837890625 0.59765625 0.876953125
0 0.177734375 0.65234375 0.216796875 0.61328125 0.177734375 0.61328125 0.216796875 0.65234375
