0 0.796875 0.09375 0.8359375 0.0546875 0.796875 0.0546875 0.8359375 0.09375
0 0.30859375 0.279296875 0.34765625 0.240234375 0.30859375 0.240234375 0.34765625 0.279296875
0 0.564453125 0.314453125 0.603515625 0.275390625 0.564453125 0.275390625 0.603515625 0.314453125
0 0.5625 0.6875 0.6015625 0.6484375 0.5625 0.6484375 0.6015625 0.6875
0 0.54296875 0.375 0.58203125 0.3359375 0.54296875 0.3359375 0.58203125 0.375
0 0.89453125 0.828125 0.93359375 0.7890625 0.89453125 0.7890625 0.93359375 0.828125
0 0.55859375 0.43359375 0.59765625 0.39453125 0.55859375 0.39453125 0.59765625 0.43359375
0 0.89453125 0.490234375 0.93359375 0.451171875 0.89453125 0.451171875 0.93359375 0.490234375
0 0.58984375 0.6171875 0.62890625 0.578125 0.58984375 0.578125 0.62890625 0.6171875
0 0.40625 0.919921875 0.4453125 0.880859375 0.40625 0.880859375 0.4453125 0.919921875
0 0.470703125 0.8515625 0.509765625 0.8125 0.470703125 0.8125 0.509765625 0.8515625
0 0.728515625 0.55859375 0.767578125 0.51953125 0.728515625 0.51953125 0.767578125 0.55859375
0 0.814453125 0.763671875 0.853515625 0.724609375 0.814453125 0.724609375 0.853515625 0.763671875
