0 0.767578125 0.48828125 0.806640625 0.44921875 0.767578125 0.44921875 0.806640625 0.48828125
0 0.701171875 0.501953125 0.740234375 0.462890625 0.701171875 0.462890625 0.740234375 0.501953125
0 0.166015625 0.837890625 0.205078125 0.798828125 0.166015625 0.798828125 0.205078125 0.837890625
0 0.501953125 0.93359375 0.541015625 0.89453125 0.501953125 0.89453125 0.541015625 0.93359375
0 0.92578125 0.669921875 0.96484375 0.630859375 0.92578125 0.630859375 0.96484375 0.669921875
0 0.6015625 0.150390625 0.640625 0.111328125 0.6015625 0.111328125 0.640625 0.150390625
0 0.818359375 0.220703125 0.857421875 0.181640625 0.818359375 0.181640625 0.857421875 0.220703125
0 0.373046875 0.576171875 0.412109375 0.537109375 0.373046875 0.537109375 0.412109375 0.576171875
0 0.13671875 0.158203125 0.17578125 0.119140625 0.13671875 0.119140625 0.17578125 0.158203125
0 0.84765625 0.25390625 0.88671875 0.21484375 0.84765625 0.21484375 0.88671875 0.25390625
0 0.859375 0.56640625 0.8984375 0.52734375 0.859375 0.52734375 0.8984375 0.56640625
0 0.625 0.677734375 0.6640625 0.638671875 0.625 0.638671875 0.6640625 0.677734375
0 0.638671875 0.40625 0.677734375 0.3671875 0.638671875 0.3671875 0.677734375 0.40625
