0 0.640625 0.595703125 0.6796875 0.556640625 0.640625 0.556640625 0.6796875 0.595703125
0 0.228515625 0.318359375 0.267578125 0.279296875 0.228515625 0.279296875 0.267578125 0.318359375
0 0.65625 0.119140625 0.6953125 0.080078125 0.65625 0.080078125 0.6953125 0.119140625
0 0.64453125 0.513671875 0.68359375 0.474609375 0.64453125 0.474609375 0.68359375 0.513671875
0 0.26953125 0.34765625 0.30859375 0.30859375 0.26953125 0.30859375 0.30859375 0.34765625
0 0.91796875 0.18359375 0.95703125 0.14453125 0.91796875 0.14453125 0.95703125 0.18359375
0 0.927734375 0.421875 0.966796875 0.3828125 0.927734375 0.3828125 0.966796875 0.421875
0 0.177734375 0.865234375 0.216796875 0.826171875 0.177734375 0.826171875 0.216796875 0.865234375
0 0.119140625 0.580078125 0.158203125 0.541015625 0.119140625 0.541015625 0.158203125 0.580078125
0 0.451171875 0.24609375 0.490234375 0.20703125 0.451171875 0.20703125 0.490234375 0.24609375
0 0.35546875 0.744140625 0.39453125 0.705078125 0.35546875 0.705078125 0.39453125 0.744140625
0 0.630859375 0.6640625 0.669921875 0.625 0.630859375 0.625 0.669921875 0.6640625
0 0.296875 0.140625 0.3359375 0.1015625 0.296875 0.1015625 0.3359375 0.140625
0 0.75 0.375 0.7890625 0.3359375 0.75 0.3359375 0.7890625 0.375
