0 0.6015625 0.73828125 0.640625 0.69921875 0.6015625 0.69921875 0.640625 0.73828125
0 0.791015625 0.95703125 0.830078125 0.91796875 0.791015625 0.91796875 0.830078125 0.95703125
0 0.41796875 0.80078125 0.45703125 0.76171875 0.41796875 0.76171875 0.45703125 0.80078125
0 0.8515625 0.638671875 0.890625 0.599609375 0.8515625 0.599609375 0.890625 0.638671875
0 0.267578125 0.6640625 0.306640625 0.625 0.267578125 0.625 0.306640625 0.6640625
0 0.810546875 0.4609375 0.849609375 0.421875 0.810546875 0.421875 0.849609375 0.4609375
0 0.927734375 0.951171875 0.966796875 0.912109375 0.927734375 0.912109375 0.966796875 0.951171875
0 0.35546875 0.9609375 0.39453125 0.921875 0.35546875 0.921875 0.39453125 0.9609375
0 0.244140625 0.369140625 0.283203125 0.330078125 0.244140625 0.330078125 0.283203125 0.369140625
0 0.8984375 0.498046875 0.9375 0.458984375 0.8984375 0.458984375 0.9375 0.498046875
0 0.904296875 0.1328125 0.943359375 0.09375 0.904296875 0.09375 0.943359375 0.1328125
0 0.681640625 0.11328125 0.720703125 0.07421875 0.681640625 0.07421875 0.720703125 0.11328125
