0 0.302734375 0.25 0.341796875 0.2109375 0.302734375 0.2109375 0.341796875 0.25
0 0.4765625 0.36328125 0.515625 0.32421875 0.4765625 0.32421875 0.515625 0.36328125
0 0.412109375 0.080078125 0.451171875 0.041015625 0.412109375 0.041015625 0.451171875 0.080078125
0 0.095703125 0.931640625 0.134765625 0.892578125 0.095703125 0.892578125 0.134765625 0.931640625
0 0.744140625 0.732421875 0.783203125 0.693359375 0.744140625 0.693359375 0.783203125 0.732421875
0 0.84375 0.72265625 0.8828125 0.68359375 0.84375 0.68359375 0.8828125 0.72265625
0 0.775390625 0.31640625 0.814453125 0.27734375 0.775390625 0.27734375 0.814453125 0.31640625
0 0.431640625 0.697265625 0.470703125 0.658203125 0.431640625 0.658203125 0.470703125 0.697265625
0 0.099609375 0.91015625 0.138671875 0.87109375 0.099609375 0.87109375 0.138671875 0.91015625
0 0.11328125 0.953125 0.15234375 0.9140625 0.11328125 0.9140625 0.15234375 0.953125
0 0.67578125 0.42578125 0.71484375 0.38671875 0.67578125 0.38671875 0.71484375 0.42578125
0 0.251953125 0.90234375 0.291015625 0.86328125 0.251953125 0.86328125 0.291015625 0.90234375
0 0.669921875 0.244140625 0.708984375 0.205078125 0.669921875 0.205078125 0.708984375 0.244140625
0 0.765625 0.5546875 0.8046875 0.515625 0.765625 0.515625 0.8046875 0.5546875
