0 0.474609375 0.876953125 0.513671875 0.837890625 0.474609375 0.837890625 0.513671875 0.876953125
0 0.0390625 0.794921875 0.078125 0.755859375 0.0390625 0.755859375 0.078125 0.794921875
0 0.71875 0.251953125 0.7578125 0.212890625 0.71875 0.212890625 0.7578125 0.251953125
0 0.560546875 0.44921875 0.599609375 0.41015625 0.560546875 0.41015625 0.599609375 0.44921875
0 0.70703125 0.7421875 0.74609375 0.703125 0.70703125 0.703125 0.74609375 0.7421875
0 0.78515625 0.208984375 0.82421875 0.169921875 0.78515625 0.169921875 0.82421875 0.208984375
0 0.53515625 0.89453125 0.57421875 0.85546875 0.53515625 0.85546875 0.57421875 0.89453125
0 0.89453125 0.509765625 0.93359375 0.470703125 0.89453125 0.470703125 0.93359375 0.509765625
0 0.716796875 0.267578125 0.755859375 0.228515625 0.716796875 0.228515625 0.755859375 0.267578125
0 0.375 0.408203125 0.4140625 0.369140625 0.375 0.369140625 0.4140625 0.408203125
0 0.900390625 0.1953125 0.939453125 0.15625 0.900390625 0.15625 0.939453125 0.1953125
0 0.8046875 0.43359375 0.84375 0.39453125 0.8046875 0.39453125 0.84375 0.43359375
0 0.88671875 0.90234375 0.92578125 0.86328125 0.88671875 0.86328125 0.92578125 0.90234375
