0 0.75 0.74609375 0.7890625 0.70703125 0.75 0.70703125 0.7890625 0.74609375
0 0.087890625 0.13671875 0.126953125 0.09765625 0.087890625 0.09765625 0.126953125 0.13671875
0 0.623046875 0.298828125 0.662109375 0.259765625 0.623046875 0.259765625 0.662109375 0.298828125
0 0.873046875 0.6640625 0.912109375 0.625 0.873046875 0.625 0.912109375 0.6640625
0 0.73046875 0.802734375 0.76953125 0.763671875 0.73046875 0.763671875 0.76953125 0.802734375
0 0.2109375 0.583984375 0.25 0.544921875 0.2109375 0.544921875 0.25 0.583984375
0 0.052734375 0.869140625 0.091796875 0.830078125 0.052734375 0.830078125 0.091796875 0.869140625
0 0.501953125 0.29296875 0.541015625 0.25390625 0.501953125 0.25390625 0.541015625 0.29296875
0 0.6796875 0.46875 0.71875 0.4296875 0.6796875 0.4296875 0.71875 0.46875
0 0.310546875 0.40625 0.349609375 0.3671875 0.310546875 0.3671875 0.349609375 0.40625
0 0.55859375 0.52734375 0.59765625 0.48828125 0.55859375 0.48828125 0.59765625 0.52734375
0 0.4609375 0.27734375 0.5 0.23828125 0.4609375 0.23828125 0.5 0.27734375
