0 0.298828125 0.072265625 0.337890625 0.033203125 0.298828125 0.033203125 0.337890625 0.072265625
0 0.1640625 0.099609375 0.203125 0.060546875 0.1640625 0.060546875 0.203125 0.099609375
0 0.666015625 0.5625 0.705078125 0.5234375 0.666015625 0.5234375 0.705078125 0.5625
0 0.201171875 0.744140625 0.240234375 0.705078125 0.201171875 0.705078125 0.240234375 0.744140625
0 0.232421875 0.35546875 0.271484375 0.31640625 0.232421875 0.31640625 0.271484375 0.35546875
0 0.642578125 0.533203125 0.681640625 0.494140625 0.642578125 0.494140625 0.681640625 0.533203125
0 0.841796875 0.220703125 0.880859375 0.181640625 0.841796875 0.181640625 0.880859375 0.220703125
0 0.189453125 0.634765625 0.228515625 0.595703125 0.189453125 0.595703125 0.228515625 0.634765625
0 0.029296875 0.251953125 0.068359375 0.212890625 0.029296875 0.212890625 0.068359375 0.251953125
0 0.55859375 0.5625 0.59765625 0.5234375 0.55859375 0.5234375 0.59765625 0.5625
0 0.33984375 0.3515625 0.37890625 0.3125 0.33984375 0.3125 0.37890625 0.3515625
