0 0.345703125 0.541015625 0.384765625 0.501953125 0.345703125 0.501953125 0.384765625 0.541015625
0 0.091796875 0.123046875 0.130859375 0.083984375 0.091796875 0.083984375 0.130859375 0.123046875
0 0.759765625 0.1015625 0.798828125 0.0625 0.759765625 0.0625 0.798828125 0.1015625
0 0.1015625 0.5234375 0.140625 0.484375 0.1015625 0.484375 0.140625 0.5234375
0 0.298828125 0.59375 0.337890625 0.5546875 0.298828125 0.5546875 0.337890625 0.59375
0 0.0625 0.88671875 0.1015625 0.84765625 0.0625 0.84765625 0.1015625 0.88671875
0 0.26171875 0.7734375 0.30078125 0.734375 0.26171875 0.734375 0.30078125 0.7734375
0 0.8203125 0.57421875 0.859375 0.53515625 0.8203125 0.53515625 0.859375 0.57421875
0 0.3203125 0.478515625 0.359375 0.439453125 0.3203125 0.439453125 0.359375 0.478515625
0 0.349609375 0.5546875 0.388671875 0.515625 0.349609375 0.515625 0.388671875 0.5546875
