0 0.833984375 0.484375 0.873046875 0.4453125 0.833984375 0.4453125 0.873046875 0.484375
0 0.412109375 0.814453125 0.451171875 0.775390625 0.412109375 0.775390625 0.451171875 0.814453125
0 0.654296875 0.845703125 0.693359375 0.806640625 0.654296875 0.806640625 0.693359375 0.845703125
0 0.5859375 0.62890625 0.625 0.58984375 0.5859375 0.58984375 0.625 0.62890625
0 0.078125 0.322265625 0.1171875 0.283203125 0.078125 0.283203125 0.1171875 0.322265625
0 0.484375 0.791015625 0.5234375 0.751953125 0.484375 0.751953125 0.5234375 0.791015625
0 0.08203125 0.39453125 0.12109375 0.35546875 0.08203125 0.35546875 0.12109375 0.39453125
0 0.068359375 0.669921875 0.107421875 0.630859375 0.068359375 0.630859375 0.107421875 0.669921875
0 0.54296875 0.591796875 0.58203125 0.552734375 0.54296875 0.552734375 0.58203125 0.591796875
0 0.3515625 0.501953125 0.390625 0.462890625 0.3515625 0.462890625 0.390625 0.501953125
