0 0.833984375 0.138671875 0.873046875 0.099609375 0.833984375 0.099609375 0.873046875 0.138671875
0 0.71484375 0.5546875 0.75390625 0.515625 0.71484375 0.515625 0.75390625 0.5546875
0 0.1953125 0.2890625 0.234375 0.25 0.1953125 0.25 0.234375 0.2890625
0 0.35546875 0.52734375 0.39453125 0.48828125 0.35546875 0.48828125 0.39453125 0.52734375
0 0.263671875 0.724609375 0.302734375 0.685546875 0.263671875 0.685546875 0.302734375 0.724609375
0 0.7734375 0.755859375 0.8125 0.716796875 0.7734375 0.716796875 0.8125 0.755859375
0 0.853515625 0.693359375 0.892578125 0.654296875 0.853515625 0.654296875 0.892578125 0.693359375
0 0.765625 0.169921875 0.8046875 0.130859375 0.765625 0.130859375 0.8046875 0.169921875
0 0.525390625 0.60546875 0.564453125 0.56640625 0.525390625 0.56640625 0.564453125 0.60546875
0 0.421875 0.8671875 0.4609375 0.828125 0.421875 0.828125 0.4609375 0.8671875
0 0.708984375 0.75 0.748046875 0.7109375 0.708984375 0.7109375 0.748046875 0.75
0 0.0859375 0.146484375 0.125 0.107421875 0.0859375 0.107421875 0.125 0.146484375
