0 0.236328125 0.67578125 0.275390625 0.63671875 0.236328125 0.63671875 0.275390625 0.67578125
0 0.517578125 0.537109375 0.556640625 0.498046875 0.517578125 0.498046875 0.556640625 0.537109375
0 0.685546875 0.578125 0.724609375 0.5390625 0.685546875 0.5390625 0.724609375 0.578125
0 0.669921875 0.966796875 0.708984375 0.927734375 0.669921875 0.927734375 0.708984375 0.966796875
0 0.419921875 0.27734375 0.458984375 0.23828125 0.419921875 0.23828125 0.458984375 0.27734375
0 0.720703125 0.595703125 0.759765625 0.556640625 0.720703125 0.556640625 0.759765625 0.595703125
0 0.041015625 0.33984375 0.080078125 0.30078125 0.041015625 0.30078125 0.080078125 0.33984375
0 0.1875 0.6015625 0.2265625 0.5625 0.1875 0.5625 0.2265625 0.6015625
0 0.19921875 0.767578125 0.23828125 0.728515625 0.19921875 0.728515625 0.23828125 0.767578125
0 0.283203125 0.53125 0.322265625 0.4921875 0.283203125 0.4921875 0.322265625 0.53125
