0 0.611328125 0.5078125 0.650390625 0.46875 0.611328125 0.46875 0.650390625 0.5078125
0 0.59375 0.103515625 0.6328125 0.064453125 0.59375 0.064453125 0.6328125 0.103515625
0 0.111328125 0.26953125 0.150390625 0.23046875 0.111328125 0.23046875 0.150390625 0.26953125
0 0.599609375 0.916015625 0.638671875 0.876953125 0.599609375 0.876953125 0.638671875 0.916015625
0 0.6171875 0.7578125 0.65625 0.71875 0.6171875 0.71875 0.65625 0.7578125
0 0.837890625 0.318359375 0.876953125 0.279296875 0.837890625 0.279296875 0.876953125 0.318359375
0 0.470703125 0.224609375 0.509765625 0.185546875 0.470703125 0.185546875 0.509765625 0.224609375
0 0.54296875 0.17578125 0.58203125 0.13671875 0.54296875 0.13671875 0.58203125 0.17578125
0 0.8125 0.9375 0.8515625 0.8984375 0.8125 0.8984375 0.8515625 0.9375
0 0.0625 0.544921875 0.1015625 0.505859375 0.0625 0.505859375 0.1015625 0.544921875
0 0.283203125 0.591796875 0.322265625 0.552734375 0.283203125 0.552734375 0.322265625 0.591796875
0 0.1875 0.6171875 0.2265625 0.578125 0.1875 0.578125 0.2265625 0.6171875
0 0.158203125 0.91015625 0.197265625 0.87109375 0.158203125 0.87109375 0.197265625 0.91015625
0 0.71484375 0.759765625 0.75390625 0.720703125 0.71484375 0.720703125 0.75390625 0.759765625
