0 0.3203125 0.46875 0.359375 0.4296875 0.3203125 0.4296875 0.359375 0.46875
0 0.77734375 0.927734375 0.81640625 0.888671875 0.77734375 0.888671875 0.81640625 0.927734375
0 0.1953125 0.58203125 0.234375 0.54296875 0.1953125 0.54296875 0.234375 0.58203125
0 0.7578125 0.6484375 0.796875 0.609375 0.7578125 0.609375 0.796875 0.6484375
0 0.759765625 0.47265625 0.798828125 0.43359375 0.759765625 0.43359375 0.798828125 0.47265625
0 0.5703125 0.765625 0.609375 0.7265625 0.5703125 0.7265625 0.609375 0.765625
0 0.708984375 0.310546875 0.748046875 0.271484375 0.708984375 0.271484375 0.748046875 0.310546875
0 0.3671875 0.138671875 0.40625 0.099609375 0.3671875 0.099609375 0.40625 0.138671875
0 0.626953125 0.62890625 0.666015625 0.58984375 0.626953125 0.58984375 0.666015625 0.62890625
0 0.76171875 0.759765625 0.80078125 0.720703125 0.76171875 0.720703125 0.80078125 0.759765625
0 0.3359375 0.30859375 0.375 0.26953125 0.3359375 0.26953125 0.375 0.30859375
0 0.693359375 0.107421875 0.732421875 0.068359375 0.693359375 0.068359375 0.732421875 0.107421875
0 0.662109375 0.935546875 0.701171875 0.896484375 0.662109375 0.896484375 0.701171875 0.935546875
0 0.6875 0.66796875 0.7265625 0.62890625 0.6875 0.62890625 0.7265625 0.66796875
