0 0.39453125 0.47265625 0.43359375 0.43359375 0.39453125 0.43359375 0.43359375 0.47265625
0 0.548828125 0.755859375 0.587890625 0.716796875 0.548828125 0.716796875 0.587890625 0.755859375
0 0.099609375 0.884765625 0.138671875 0.845703125 0.099609375 0.845703125 0.138671875 0.884765625
0 0.728515625 0.212890625 0.767578125 0.173828125 0.728515625 0.173828125 0.767578125 0.212890625
0 0.689453125 0.240234375 0.728515625 0.201171875 0.689453125 0.201171875 0.728515625 0.240234375
0 0.6953125 0.302734375 0.734375 0.263671875 0.6953125 0.263671875 0.734375 0.302734375
0 0.876953125 0.90625 0.916015625 0.8671875 0.876953125 0.8671875 0.916015625 0.90625
0 0.529296875 0.529296875 0.568359375 0.490234375 0.529296875 0.490234375 0.568359375 0.529296875
0 0.91796875 0.66015625 0.95703125 0.62109375 0.91796875 0.62109375 0.95703125 0.66015625
0 0.23046875 0.203125 0.26953125 0.1640625 0.23046875 0.1640625 0.26953125 0.203125
