0 0.16796875 0.287109375 0.20703125 0.248046875 0.16796875 0.248046875 0.20703125 0.287109375
0 0.23828125 0.451171875 0.27734375 0.412109375 0.23828125 0.412109375 0.27734375 0.451171875
0 0.333984375 0.6796875 0.373046875 0.640625 0.333984375 0.640625 0.373046875 0.6796875
0 0.818359375 0.3828125 0.857421875 0.34375 0.818359375 0.34375 0.857421875 0.3828125
0 0.6875 0.224609375 0.7265625 0.185546875 0.6875 0.185546875 0.7265625 0.224609375
0 0.34375 0.68359375 0.3828125 0.64453125 0.34375 0.64453125 0.3828125 0.68359375
0 0.40234375 0.779296875 0.44140625 0.740234375 0.40234375 0.740234375 0.44140625 0.779296875
0 0.0703125 0.61328125 0.109375 0.57421875 0.0703125 0.57421875 0.109375 0.61328125
0 0.044921875 0.251953125 0.083984375 0.212890625 0.044921875 0.212890625 0.083984375 0.251953125
0 0.787109375 0.416015625 0.826171875 0.376953125 0.787109375 0.376953125 0.826171875 0.416015625
0 0.8359375 0.873046875 0.875 0.833984375 0.8359375 0.833984375 0.875 0.873046875
0 0.2421875 0.703125 0.28125 0.6640625 0.2421875 0.6640625 0.28125 0.703125
0 0.498046875 0.30078125 0.537109375 0.26171875 0.498046875 0.26171875 0.537109375 0.30078125
0 0.791015625 0.294921875 0.830078125 0.255859375 0.791015625 0.255859375 0.830078125 0.294921875
