0 0.65625 0.501953125 0.6953125 0.462890625 0.65625 0.462890625 0.6953125 0.501953125
0 0.55078125 0.412109375 0.58984375 0.373046875 0.55078125 0.373046875 0.58984375 0.412109375
0 0.71484375 0.873046875 0.75390625 0.833984375 0.71484375 0.833984375 0.75390625 0.873046875
0 0.796875 0.076171875 0.8359375 0.037109375 0.796875 0.037109375 0.8359375 0.076171875
0 0.703125 0.89453125 0.7421875 0.85546875 0.703125 0.85546875 0.7421875 0.89453125
0 0.1015625 0.84765625 0.140625 0.80859375 0.1015625 0.80859375 0.140625 0.84765625
0 0.70703125 0.333984375 0.74609375 0.294921875 0.70703125 0.294921875 0.74609375 0.333984375
0 0.857421875 0.1640625 0.896484375 0.125 0.857421875 0.125 0.896484375 0.1640625
0 0.77734375 0.341796875 0.81640625 0.302734375 0.77734375 0.302734375 0.81640625 0.341796875
0 0.83984375 0.41015625 0.87890625 0.37109375 0.83984375 0.37109375 0.87890625 0.41015625
