0 0.408203125 0.70703125 0.447265625 0.66796875 0.408203125 0.66796875 0.447265625 0.70703125
0 0.171875 0.36328125 0.2109375 0.32421875 0.171875 0.32421875 0.2109375 0.36328125
0 0.302734375 0.396484375 0.341796875 0.357421875 0.302734375 0.357421875 0.341796875 0.396484375
0 0.029296875 0.587890625 0.068359375 0.548828125 0.029296875 0.548828125 0.068359375 0.587890625
0 0.77734375 0.51953125 0.81640625 0.48046875 0.77734375 0.48046875 0.81640625 0.51953125
0 0.130859375 0.751953125 0.169921875 0.712890625 0.130859375 0.712890625 0.169921875 0.751953125
0 0.732421875 0.296875 0.771484375 0.2578125 0.732421875 0.2578125 0.771484375 0.296875
0 0.673828125 0.306640625 0.712890625 0.267578125 0.673828125 0.267578125 0.712890625 0.306640625
0 0.830078125 0.62890625 0.869140625 0.58984375 0.830078125 0.58984375 0.869140625 0.62890625
0 0.625 0.54296875 0.6640625 0.50390625 0.625 0.50390625 0.6640625 0.54296875
