0 0.31640625 0.109375 0.35546875 0.0703125 0.31640625 0.0703125 0.35546875 0.109375
0 0.5078125 0.65625 0.546875 0.6171875 0.5078125 0.6171875 0.546875 0.65625
0 0.703125 0.56640625 0.7421875 0.52734375 0.703125 0.52734375 0.7421875 0.56640625
0 0.2109375 0.29296875 0.25 0.25390625 0.2109375 0.25390625 0.25 0.29296875
0 0.509765625 0.5 0.548828125 0.4609375 0.509765625 0.4609375 0.548828125 0.5
0 0.216796875 0.669921875 0.255859375 0.630859375 0.216796875 0.630859375 0.255859375 0.669921875
0 0.681640625 0.552734375 0.720703125 0.513671875 0.681640625 0.513671875 0.720703125 0.552734375
0 0.560546875 0.2734375 0.599609375 0.234375 0.560546875 0.234375 0.599609375 0.2734375
0 0.119140625 0.517578125 0.158203125 0.478515625 0.119140625 0.478515625 0.158203125 0.517578125
0 0.12109375 0.23046875 0.16015625 0.19140625 0.12109375 0.19140625 0.16015625 0.23046875
0 0.61328125 0.498046875 0.65234375 0.458984375 0.61328125 0.458984375 0.65234375 0.498046875
0 0.34375 0.126953125 0.3828125 0.087890625 0.34375 0.087890625 0.3828125 0.126953125
0 0.76171875 0.966796875 0.80078125 0.927734375 0.76171875 0.927734375 0.80078125 0.966796875
0 0.078125 0.2265625 0.1171875 0.1875 0.078125 0.1875 0.1171875 0.2265625
