0 0.876953125 0.31640625 0.916015625 0.27734375 0.876953125 0.27734375 0.916015625 0.31640625
0 0.658203125 0.107421875 0.697265625 0.068359375 0.658203125 0.068359375 0.697265625 0.107421875
0 0.13671875 0.275390625 0.17578125 0.236328125 0.13671875 0.236328125 0.17578125 0.275390625
0 0.787109375 0.57421875 0.826171875 0.53515625 0.787109375 0.53515625 0.826171875 0.57421875
0 0.447265625 0.11328125 0.486328125 0.07421875 0.447265625 0.07421875 0.486328125 0.11328125
0 0.65234375 0.66015625 0.69140625 0.62109375 0.65234375 0.62109375 0.69140625 0.66015625
0 0.2109375 0.9609375 0.25 0.921875 0.2109375 0.921875 0.25 0.9609375
0 0.240234375 0.775390625 0.279296875 0.736328125 0.240234375 0.736328125 0.279296875 0.775390625
0 0.677734375 0.66015625 0.716796875 0.62109375 0.677734375 0.62109375 0.716796875 0.66015625
0 0.638671875 0.18359375 0.677734375 0.14453125 0.638671875 0.14453125 0.677734375 0.18359375
0 0.712890625 0.486328125 0.751953125 0.447265625 0.712890625 0.447265625 0.751953125 0.486328125
0 0.90625 0.638671875 0.9453125 0.599609375 0.90625 0.599609375 0.9453125 0.638671875
0 0.822265625 0.333984375 0.861328125 0.294921875 0.822265625 0.294921875 0.861328125 0.333984375
0 0.078125 0.416015625 0.1171875 0.376953125 0.078125 0.376953125 0.1171875 0.416015625
