0 0.908203125 0.5078125 0.947265625 0.46875 0.908203125 0.46875 0.947265625 0.5078125
0 0.78125 0.6953125 0.8203125 0.65625 0.78125 0.65625 0.8203125 0.6953125
0 0.716796875 0.220703125 0.755859375 0.181640625 0.716796875 0.181640625 0.755859375 0.220703125
0 0.568359375 0.462890625 0.607421875 0.423828125 0.568359375 0.423828125 0.607421875 0.462890625
0 0.34765625 0.4296875 0.38671875 0.390625 0.34765625 0.390625 0.38671875 0.4296875
0 0.546875 0.666015625 0.5859375 0.626953125 0.546875 0.626953125 0.5859375 0.666015625
0 0.873046875 0.7265625 0.912109375 0.6875 0.873046875 0.6875 0.912109375 0.7265625
0 0.654296875 0.892578125 0.693359375 0.853515625 0.654296875 0.853515625 0.693359375 0.892578125
0 0.421875 0.892578125 0.4609375 0.853515625 0.421875 0.853515625 0.4609375 0.892578125
0 0.35546875 0.68359375 0.39453125 0.64453125 0.35546875 0.64453125 0.39453125 0.68359375
0 0.875 0.84765625 0.9140625 0.80859375 0.875 0.80859375 0.9140625 0.84765625
0 0.75 0.162109375 0.7890625 0.123046875 0.75 0.123046875 0.7890625 0.162109375
