0 0.86328125 0.6328125 0.90234375 0.59375 0.86328125 0.59375 0.90234375 0.6328125
0 0.8359375 0.08984375 0.875 0.05078125 0.8359375 0.05078125 0.875 0.08984375
0 0.404296875 0.142578125 0.443359375 0.103515625 0.404296875 0.103515625 0.443359375 0.142578125
0 0.642578125 0.400390625 0.681640625 0.361328125 0.642578125 0.361328125 0.681640625 0.400390625
0 0.666015625 0.873046875 0.705078125 0.833984375 0.666015625 0.833984375 0.705078125 0.873046875
0 0.1328125 0.322265625 0.171875 0.283203125 0.1328125 0.283203125 0.171875 0.322265625
0 0.685546875 0.6328125 0.724609375 0.59375 0.685546875 0.59375 0.724609375 0.6328125
0 0.19921875 0.2890625 0.23828125 0.25 0.19921875 0.25 0.23828125 0.2890625
0 0.0625 0.14453125 0.1015625 0.10546875 0.0625 0.10546875 0.1015625 0.14453125
0 0.62890625 0.939453125 0.66796875 0.900390625 0.62890625 0.900390625 0.66796875 0.939453125
0 0.462890625 0.3359375 0.501953125 0.296875 0.462890625 0.296875 0.501953125 0.3359375
0 0.34375 0.767578125 0.3828125 0.728515625 0.34375 0.728515625 0.3828125 0.767578125
