0 0.4453125 0.416015625 0.484375 0.376953125 0.4453125 0.376953125 0.484375 0.416015625
0 0.2890625 0.33203125 0.328125 0.29296875 0.2890625 0.29296875 0.328125 0.33203125
0 0.888671875 0.0859375 0.927734375 0.046875 0.888671875 0.046875 0.927734375 0.0859375
0 0.72265625 0.1796875 0.76171875 0.140625 0.72265625 0.140625 0.76171875 0.1796875
0 0.419921875 0.39453125 0.458984375 0.35546875 0.419921875 0.35546875 0.458984375 0.39453125
0 0.451171875 0.666015625 0.490234375 0.626953125 0.451171875 0.626953125 0.490234375 0.666015625
0 0.45703125 0.220703125 0.49609375 0.181640625 0.45703125 0.181640625 0.49609375 0.220703125
0 0.55859375 0.681640625 0.59765625 0.642578125 0.55859375 0.642578125 0.59765625 0.681640625
0 0.453125 0.28125 0.4921875 0.2421875 0.453125 0.2421875 0.4921875 0.28125
0 0.474609375 0.244140625 0.513671875 0.205078125 0.474609375 0.205078125 0.513671875 0.244140625
0 0.498046875 0.833984375 0.537109375 0.794921875 0.498046875 0.794921875 0.537109375 0.833984375
