0 0.171875 0.078125 0.2109375 0.0390625 0.171875 0.0390625 0.2109375 0.078125
0 0.708984375 0.650390625 0.748046875 0.611328125 0.708984375 0.611328125 0.748046875 0.650390625
0 0.77734375 0.27734375 0.81640625 0.23828125 0.77734375 0.23828125 0.81640625 0.27734375
0 0.33203125 0.7265625 0.37109375 0.6875 0.33203125 0.6875 0.37109375 0.7265625
0 0.875 0.9609375 0.9140625 0.921875 0.875 0.921875 0.9140625 0.9609375
0 0.708984375 0.892578125 0.748046875 0.853515625 0.708984375 0.853515625 0.748046875 0.892578125
0 0.216796875 0.451171875 0.255859375 0.412109375 0.216796875 0.412109375 0.255859375 0.451171875
0 0.7890625 0.369140625 0.828125 0.330078125 0.7890625 0.330078125 0.828125 0.369140625
0 0.572265625 0.857421875 0.611328125 0.818359375 0.572265625 0.818359375 0.611328125 0.857421875
0 0.2890625 0.44921875 0.328125 0.41015625 0.2890625 0.41015625 0.328125 0.44921875
0 0.04296875 0.30078125 0.08203125 0.26171875 0.04296875 0.26171875 0.08203125 0.30078125
