0 0.638671875 0.080078125 0.677734375 0.041015625 0.638671875 0.041015625 0.677734375 0.080078125
0 0.21484375 0.767578125 0.25390625 0.728515625 0.21484375 0.728515625 0.25390625 0.767578125
0 0.677734375 0.697265625 0.716796875 0.658203125 0.677734375 0.658203125 0.716796875 0.697265625
0 0.087890625 0.71484375 0.126953125 0.67578125 0.087890625 0.67578125 0.126953125 0.71484375
0 0.33984375 0.560546875 0.37890625 0.521484375 0.33984375 0.521484375 0.37890625 0.560546875
0 0.62109375 0.18359375 0.66015625 0.14453125 0.62109375 0.14453125 0.66015625 0.18359375
0 0.7421875 0.19921875 0.78125 0.16015625 0.7421875 0.16015625 0.78125 0.19921875
0 0.69140625 0.70703125 0.73046875 0.66796875 0.69140625 0.66796875 0.73046875 0.70703125
0 0.802734375 0.578125 0.841796875 0.5390625 0.802734375 0.5390625 0.841796875 0.578125
0 0.7265625 0.375 0.765625 0.3359375 0.7265625 0.3359375 0.765625 0.375
0 0.880859375 0.953125 0.919921875 0.9140625 0.880859375 0.9140625 0.919921875 0.953125
0 0.73828125 0.916015625 0.77734375 0.876953125 0.73828125 0.876953125 0.77734375 0.916015625
0 0.171875 0.845703125 0.2109375 0.806640625 0.171875 0.806640625 0.2109375 0.845703125
