0 0.455078125 0.390625 0.494140625 0.3515625 0.455078125 0.3515625 0.494140625 0.390625
0 0.576171875 0.51171875 0.615234375 0.47265625 0.576171875 0.47265625 0.615234375 0.51171875
0 0.623046875 0.083984375 0.662109375 0.044921875 0.623046875 0.044921875 0.662109375 0.083984375
0 0.810546875 0.775390625 0.849609375 0.736328125 0.810546875 0.736328125 0.849609375 0.775390625
0 0.076171875 0.505859375 0.115234375 0.466796875 0.076171875 0.466796875 0.115234375 0.505859375
0 0.419921875 0.931640625 0.458984375 0.892578125 0.419921875 0.892578125 0.458984375 0.931640625
0 0.111328125 0.697265625 0.150390625 0.658203125 0.111328125 0.658203125 0.150390625 0.697265625
0 0.19921875 0.78515625 0.23828125 0.74609375 0.19921875 0.74609375 0.23828125 0.78515625
0 0.07421875 0.66015625 0.11328125 0.62109375 0.07421875 0.62109375 0.11328125 0.66015625
0 0.2890625 0.275390625 0.328125 0.236328125 0.2890625 0.236328125 0.328125 0.275390625
