0 0.119140625 0.939453125 0.158203125 0.900390625 0.119140625 0.900390625 0.158203125 0.939453125
0 0.6796875 0.548828125 0.71875 0.509765625 0.6796875 0.509765625 0.71875 0.548828125
0 0.396484375 0.1015625 0.435546875 0.0625 0.396484375 0.0625 0.435546875 0.1015625
0 0.171875 0.171875 0.2109375 0.1328125 0.171875 0.1328125 0.2109375 0.171875
0 0.23046875 0.884765625 0.26953125 0.845703125 0.23046875 0.845703125 0.26953125 0.884765625
0 0.916015625 0.310546875 0.955078125 0.271484375 0.916015625 0.271484375 0.955078125 0.310546875
0 0.47265625 0.71484375 0.51171875 0.67578125 0.47265625 0.67578125 0.51171875 0.71484375
0 0.541015625 0.310546875 0.580078125 0.271484375 0.541015625 0.271484375 0.580078125 0.310546875
0 0.693359375 0.759765625 0.732421875 0.720703125 0.693359375 0.720703125 0.732421875 0.759765625
0 0.158203125 0.8515625 0.197265625 0.8125 0.158203125 0.8125 0.197265625 0.8515625
0 0.5 0.84765625 0.5390625 0.80859375 0.5 0.80859375 0.5390625 0.84765625
