0 0.65234375 0.2109375 0.69140625 0.171875 0.65234375 0.171875 0.69140625 0.2109375
0 0.0703125 0.5625 0.109375 0.5234375 0.0703125 0.5234375 0.109375 0.5625
0 0.4609375 0.71484375 0.5 0.67578125 0.4609375 0.67578125 0.5 0.71484375
0 0.87890625 0.353515625 0.91796875 0.314453125 0.87890625 0.314453125 0.91796875 0.353515625
0 0.279296875 0.60546875 0.318359375 0.56640625 0.279296875 0.56640625 0.318359375 0.60546875
0 0.3046875 0.8515625 0.34375 0.8125 0.3046875 0.8125 0.34375 0.8515625
0 0.56640625 0.818359375 0.60546875 0.779296875 0.56640625 0.779296875 0.60546875 0.818359375
0 0.806640625 0.939453125 0.845703125 0.900390625 0.806640625 0.900390625 0.845703125 0.939453125
0 0.828125 0.841796875 0.8671875 0.802734375 0.828125 0.802734375 0.8671875 0.841796875
0 0.326171875 0.689453125 0.365234375 0.650390625 0.326171875 0.650390625 0.365234375 0.689453125
0 0.423828125 0.76953125 0.462890625 0.73046875 0.423828125 0.73046875 0.462890625 0.76953125
0 0.353515625 0.19921875 0.392578125 0.16015625 0.353515625 0.16015625 0.392578125 0.19921875
0 0.234375 0.369140625 0.2734375 0.330078125 0.234375 0.330078125 0.2734375 0.369140625
0 0.302734375 0.515625 0.341796875 0.4765625 0.302734375 0.4765625 0.341796875 0.515625
