0 0.412109375 0.802734375 0.451171875 0.763671875 0.412109375 0.763671875 0.451171875 0.802734375
0 0.6484375 0.498046875 0.6875 0.458984375 0.6484375 0.458984375 0.6875 0.498046875
0 0.880859375 0.2109375 0.919921875 0.171875 0.880859375 0.171875 0.919921875 0.2109375
0 0.86328125 0.416015625 0.90234375 0.376953125 0.86328125 0.376953125 0.90234375 0.416015625
0 0.44140625 0.396484375 0.48046875 0.357421875 0.44140625 0.357421875 0.48046875 0.396484375
0 0.896484375 0.51171875 0.935546875 0.47265625 0.896484375 0.47265625 0.935546875 0.51171875
0 0.232421875 0.544921875 0.271484375 0.505859375 0.232421875 0.505859375 0.271484375 0.544921875
0 0.81640625 0.474609375 0.85546875 0.435546875 0.81640625 0.435546875 0.85546875 0.474609375
0 0.470703125 0.9140625 0.509765625 0.875 0.470703125 0.875 0.509765625 0.9140625
0 0.724609375 0.58203125 0.763671875 0.54296875 0.724609375 0.54296875 0.763671875 0.58203125
0 0.1171875 0.666015625 0.15625 0.626953125 0.1171875 0.626953125 0.15625 0.666015625
0 0.87890625 0.69921875 0.91796875 0.66015625 0.87890625 0.66015625 0.91796875 0.69921875
0 0.12109375 0.6171875 0.16015625 0.578125 0.12109375 0.578125 0.16015625 0.6171875
0 0.775390625 0.646484375 0.814453125 0.607421875 0.775390625 0.607421875 0.814453125 0.646484375
