0 0.046875 0.533203125 0.0859375 0.494140625 0.046875 0.494140625 0.0859375 0.533203125
0 0.630859375 0.775390625 0.669921875 0.736328125 0.630859375 0.736328125 0.669921875 0.775390625
0 0.3125 0.3125 0.3515625 0.2734375 0.3125 0.2734375 0.3515625 0.3125
0 0.57421875 0.873046875 0.61328125 0.833984375 0.57421875 0.833984375 0.61328125 0.873046875
0 0.216796875 0.826171875 0.255859375 0.787109375 0.216796875 0.787109375 0.255859375 0.826171875
0 0.28125 0.53125 0.3203125 0.4921875 0.28125 0.4921875 0.3203125 0.53125
0 0.234375 0.62890625 0.2734375 0.58984375 0.234375 0.58984375 0.2734375 0.62890625
0 0.751953125 0.234375 0.791015625 0.1953125 0.751953125 0.1953125 0.791015625 0.234375
0 0.66015625 0.5 0.69921875 0.4609375 0.66015625 0.4609375 0.69921875 0.5
0 0.50390625 0.435546875 0.54296875 0.396484375 0.50390625 0.396484375 0.54296875 0.435546875
0 0.859375 0.876953125 0.8984375 0.837890625 0.859375 0.837890625 0.8984375 0.876953125
0 0.3203125 0.521484375 0.359375 0.482421875 0.3203125 0.482421875 0.359375 0.521484375
