0 0.380859375 0.13671875 0.419921875 0.09765625 0.380859375 0.09765625 0.419921875 0.13671875
0 0.193359375 0.58984375 0.232421875 0.55078125 0.193359375 0.55078125 0.232421875 0.58984375
0 0.7734375 0.751953125 0.8125 0.712890625 0.7734375 0.712890625 0.8125 0.751953125
0 0.1484375 0.53125 0.1875 0.4921875 0.1484375 0.4921875 0.1875 0.53125
0 0.251953125 0.30859375 0.291015625 0.26953125 0.251953125 0.26953125 0.291015625 0.30859375
0 0.802734375 0.833984375 0.841796875 0.794921875 0.802734375 0.794921875 0.841796875 0.833984375
0 0.791015625 0.921875 0.830078125 0.8828125 0.791015625 0.8828125 0.830078125 0.921875
0 0.4765625 0.75 0.515625 0.7109375 0.4765625 0.7109375 0.515625 0.75
0 0.59765625 0.59765625 0.63671875 0.55859375 0.59765625 0.55859375 0.63671875 0.59765625
0 0.287109375 0.677734375 0.326171875 0.638671875 0.287109375 0.638671875 0.326171875 0.677734375
0 0.34765625 0.3515625 0.38671875 0.3125 0.34765625 0.3125 0.38671875 0.3515625
0 0.65234375 0.91015625 0.69140625 0.87109375 0.65234375 0.87109375 0.69140625 0.91015625
