0 0.798828125 0.103515625 0.837890625 0.064453125 0.798828125 0.064453125 0.837890625 0.103515625
0 0.06640625 0.171875 0.10546875 0.1328125 0.06640625 0.1328125 0.10546875 0.171875
0 0.158203125 0.2578125 0.197265625 0.21875 0.158203125 0.21875 0.197265625 0.2578125
0 0.65625 0.265625 0.6953125 0.2265625 0.65625 0.2265625 0.6953125 0.265625
0 0.23828125 0.263671875 0.27734375 0.224609375 0.23828125 0.224609375 0.27734375 0.263671875
0 0.21484375 0.869140625 0.25390625 0.830078125 0.21484375 0.830078125 0.25390625 0.869140625
0 0.0625 0.91015625 0.1015625 0.87109375 0.0625 0.87109375 0.1015625 0.91015625
0 0.150390625 0.431640625 0.189453125 0.392578125 0.150390625 0.392578125 0.189453125 0.431640625
0 0.685546875 0.94921875 0.724609375 0.91015625 0.685546875 0.91015625 0.724609375 0.94921875
0 0.650390625 0.92578125 0.689453125 0.88671875 0.650390625 0.88671875 0.689453125 0.92578125
0 0.154296875 0.20703125 0.193359375 0.16796875 0.154296875 0.16796875 0.193359375 0.20703125
