0 0.740234375 0.6796875 0.779296875 0.640625 0.740234375 0.640625 0.779296875 0.6796875
0 0.76171875 0.62109375 0.80078125 0.58203125 0.76171875 0.58203125 0.80078125 0.62109375
0 0.54296875 0.8359375 0.58203125 0.796875 0.54296875 0.796875 0.58203125 0.8359375
0 0.55078125 0.53515625 0.58984375 0.49609375 0.55078125 0.49609375 0.58984375 0.53515625
0 0.83203125 0.822265625 0.87109375 0.783203125 0.83203125 0.783203125 0.87109375 0.822265625
0 0.556640625 0.076171875 0.595703125 0.037109375 0.556640625 0.037109375 0.595703125 0.076171875
0 0.060546875 0.078125 0.099609375 0.0390625 0.060546875 0.0390625 0.099609375 0.078125
0 0.849609375 0.859375 0.888671875 0.8203125 0.849609375 0.8203125 0.888671875 0.859375
0 0.2578125 0.580078125 0.296875 0.541015625 0.2578125 0.541015625 0.296875 0.580078125
0 0.15625 0.716796875 0.1953125 0.677734375 0.15625 0.677734375 0.1953125 0.716796875
0 0.470703125 0.5234375 0.509765625 0.484375 0.470703125 0.484375 0.509765625 0.5234375
0 0.48046875 0.34765625 0.51953125 0.30859375 0.48046875 0.30859375 0.51953125 0.34765625
0 0.240234375 0.69921875 0.279296875 0.66015625 0.240234375 0.66015625 0.279296875 0.69921875
