0 0.6875 0.12890625 0.7265625 0.08984375 0.6875 0.08984375 0.7265625 0.12890625
0 0.509765625 0.423828125 0.548828125 0.384765625 0.509765625 0.384765625 0.548828125 0.423828125
0 0.677734375 0.80078125 0.716796875 0.76171875 0.677734375 0.76171875 0.716796875 0.80078125
0 0.4140625 0.142578125 0.453125 0.103515625 0.4140625 0.103515625 0.453125 0.142578125
0 0.28125 0.75 0.3203125 0.7109375 0.28125 0.7109375 0.3203125 0.75
0 0.78125 0.7265625 0.8203125 0.6875 0.78125 0.6875 0.8203125 0.7265625
0 0.650390625 0.580078125 0.689453125 0.541015625 0.650390625 0.541015625 0.689453125 0.580078125
0 0.546875 0.908203125 0.5859375 0.869140625 0.546875 0.869140625 0.5859375 0.908203125
0 0.61328125 0.373046875 0.65234375 0.333984375 0.61328125 0.333984375 0.65234375 0.373046875
0 0.396484375 0.79296875 0.435546875 0.75390625 0.396484375 0.75390625 0.435546875 0.79296875
