0 0.056640625 0.3046875 0.095703125 0.265625 0.056640625 0.265625 0.095703125 0.3046875
0 0.0859375 0.087890625 0.125 0.048828125 0.0859375 0.048828125 0.125 0.087890625
0 0.8828125 0.712890625 0.921875 0.673828125 0.8828125 0.673828125 0.921875 0.712890625
0 0.28515625 0.439453125 0.32421875 0.400390625 0.28515625 0.400390625 0.32421875 0.439453125
0 0.365234375 0.37109375 0.404296875 0.33203125 0.365234375 0.33203125 0.404296875 0.37109375
0 0.8203125 0.115234375 0.859375 0.076171875 0.8203125 0.076171875 0.859375 0.115234375
0 0.8359375 0.916015625 0.875 0.876953125 0.8359375 0.876953125 0.875 0.916015625
0 0.869140625 0.3125 0.908203125 0.2734375 0.869140625 0.2734375 0.908203125 0.3125
0 0.166015625 0.451171875 0.205078125 0.412109375 0.166015625 0.412109375 0.205078125 0.451171875
0 0.712890625 0.892578125 0.751953125 0.853515625 0.712890625 0.853515625 0.751953125 0.892578125
0 0.357421875 0.765625 0.396484375 0.7265625 0.357421875 0.7265625 0.396484375 0.765625
0 0.82421875 0.912109375 0.86328125 0.873046875 0.82421875 0.873046875 0.86328125 0.912109375
0 0.654296875 0.666015625 0.693359375 0.626953125 0.654296875 0.626953125 0.693359375 0.666015625
0 0.345703125 0.2421875 0.384765625 0.203125 0.345703125 0.203125 0.384765625 0.2421875
