0 0.134765625 0.650390625 0.173828125 0.611328125 0.134765625 0.611328125 0.173828125 0.650390625
0 0.400390625 0.904296875 0.439453125 0.865234375 0.400390625 0.865234375 0.439453125 0.904296875
0 0.8828125 0.587890625 0.921875 0.548828125 0.8828125 0.548828125 0.921875 0.587890625
0 0.603515625 0.28125 0.642578125 0.2421875 0.603515625 0.2421875 0.642578125 0.28125
0 0.845703125 0.462890625 0.884765625 0.423828125 0.845703125 0.423828125 0.884765625 0.462890625
0 0.451171875 0.181640625 0.490234375 0.142578125 0.451171875 0.142578125 0.490234375 0.181640625
0 0.77734375 0.787109375 0.81640625 0.748046875 0.77734375 0.748046875 0.81640625 0.787109375
0 0.40625 0.330078125 0.4453125 0.291015625 0.40625 0.291015625 0.4453125 0.330078125
0 0.87109375 0.59375 0.91015625 0.5546875 0.87109375 0.5546875 0.91015625 0.59375
0 0.361328125 0.521484375 0.400390625 0.482421875 0.361328125 0.482421875 0.400390625 0.521484375
