0 0.267578125 0.076171875 0.306640625 0.037109375 0.267578125 0.037109375 0.306640625 0.076171875
0 0.703125 0.201171875 0.7421875 0.162109375 0.703125 0.162109375 0.7421875 0.201171875
0 0.1171875 0.955078125 0.15625 0.916015625 0.1171875 0.916015625 0.15625 0.955078125
0 0.08984375 0.73046875 0.12890625 0.69140625 0.08984375 0.69140625 0.12890625 0.73046875
0 0.89453125 0.25 0.93359375 0.2109375 0.89453125 0.2109375 0.93359375 0.25
0 0.8046875 0.904296875 0.84375 0.865234375 0.8046875 0.865234375 0.84375 0.904296875
0 0.037109375 0.802734375 0.076171875 0.763671875 0.037109375 0.763671875 0.076171875 0.802734375
0 0.7109375 0.21875 0.75 0.1796875 0.7109375 0.1796875 0.75 0.21875
0 0.796875 0.57421875 0.8359375 0.53515625 0.796875 0.53515625 0.8359375 0.57421875
0 0.88671875 0.560546875 0.92578125 0.521484375 0.88671875 0.521484375 0.92578125 0.560546875
0 0.833984375 0.5703125 0.873046875 0.53125 0.833984375 0.53125 0.873046875 0.5703125
0 0.482421875 0.875 0.521484375 0.8359375 0.482421875 0.8359375 0.521484375 0.875
0 0.373046875 0.5859375 0.412109375 0.546875 0.373046875 0.546875 0.412109375 0.5859375
