0 0.712890625 0.2421875 0.751953125 0.203125 0.712890625 0.203125 0.751953125 0.2421875
0 0.880859375 0.64453125 0.919921875 0.60546875 0.880859375 0.60546875 0.919921875 0.64453125
0 0.615234375 0.203125 0.654296875 0.1640625 0.615234375 0.1640625 0.654296875 0.203125
0 0.859375 0.474609375 0.8984375 0.435546875 0.859375 0.435546875 0.8984375 0.474609375
0 0.314453125 0.416015625 0.353515625 0.376953125 0.314453125 0.376953125 0.353515625 0.416015625
0 0.708984375 0.263671875 0.748046875 0.224609375 0.708984375 0.224609375 0.748046875 0.263671875
0 0.39453125 0.712890625 0.43359375 0.673828125 0.39453125 0.673828125 0.43359375 0.712890625
0 0.30859375 0.521484375 0.34765625 0.482421875 0.30859375 0.482421875 0.34765625 0.521484375
0 0.423828125 0.755859375 0.462890625 0.716796875 0.423828125 0.716796875 0.462890625 0.755859375
0 0.755859375 0.794921875 0.794921875 0.755859375 0.755859375 0.755859375 0.794921875 0.794921875
0 0.119140625 0.73046875 0.158203125 0.69140625 0.119140625 0.69140625 0.158203125 0.73046875
0 0.49609375 0.919921875 0.53515625 0.880859375 0.49609375 0.880859375 0.53515625 0.919921875
0 0.287109375 0.7265625 0.326171875 0.6875 0.287109375 0.6875 0.326171875 0.7265625
