0 0.814453125 0.70703125 0.853515625 0.66796875 0.814453125 0.66796875 0.853515625 0.70703125
0 0.576171875 0.34765625 0.615234375 0.30859375 0.576171875 0.30859375 0.615234375 0.34765625
0 0.419921875 0.662109375 0.458984375 0.623046875 0.419921875 0.623046875 0.458984375 0.662109375
0 0.330078125 0.6953125 0.369140625 0.65625 0.330078125 0.65625 0.369140625 0.6953125
0 0.064453125 0.63671875 0.103515625 0.59765625 0.064453125 0.59765625 0.103515625 0.63671875
0 0.56640625 0.455078125 0.60546875 0.416015625 0.56640625 0.416015625 0.60546875 0.455078125
0 0.271484375 0.904296875 0.310546875 0.865234375 0.271484375 0.865234375 0.310546875 0.904296875
0 0.0390625 0.671875 0.078125 0.6328125 0.0390625 0.6328125 0.078125 0.671875
0 0.048828125 0.189453125 0.087890625 0.150390625 0.048828125 0.150390625 0.087890625 0.189453125
0 0.615234375 0.375 0.654296875 0.3359375 0.615234375 0.3359375 0.654296875 0.375
