0 0.384765625 0.7109375 0.423828125 0.671875 0.384765625 0.671875 0.423828125 0.7109375
0 0.892578125 0.66796875 0.931640625 0.62890625 0.892578125 0.62890625 0.931640625 0.66796875
0 0.203125 0.0703125 0.2421875 0.03125 0.203125 0.03125 0.2421875 0.0703125
0 0.275390625 0.806640625 0.314453125 0.767578125 0.275390625 0.767578125 0.314453125 0.806640625
0 0.08984375 0.94921875 0.12890625 0.91015625 0.08984375 0.91015625 0.12890625 0.94921875
0 0.220703125 0.626953125 0.259765625 0.587890625 0.220703125 0.587890625 0.259765625 0.626953125
0 0.765625 0.201171875 0.8046875 0.162109375 0.765625 0.162109375 0.8046875 0.201171875
0 0.50390625 0.763671875 0.54296875 0.724609375 0.50390625 0.724609375 0.54296875 0.763671875
0 0.29296875 0.525390625 0.33203125 0.486328125 0.29296875 0.486328125 0.33203125 0.525390625
0 0.787109375 0.693359375 0.826171875 0.654296875 0.787109375 0.654296875 0.826171875 0.693359375
0 0.693359375 0.8671875 0.732421875 0.828125 0.693359375 0.828125 0.732421875 0.8671875
