0 0.310546875 0.283203125 0.349609375 0.244140625 0.310546875 0.244140625 0.349609375 0.283203125
0 0.580078125 0.849609375 0.619140625 0.810546875 0.580078125 0.810546875 0.619140625 0.849609375
0 0.1796875 0.759765625 0.21875 0.720703125 0.1796875 0.720703125 0.21875 0.759765625
0 0.505859375 0.330078125 0.544921875 0.291015625 0.505859375 0.291015625 0.544921875 0.330078125
0 0.5234375 0.875 0.5625 0.8359375 0.5234375 0.8359375 0.5625 0.875
0 0.091796875 0.2578125 0.130859375 0.21875 0.091796875 0.21875 0.130859375 0.2578125
0 0.666015625 0.572265625 0.705078125 0.533203125 0.666015625 0.533203125 0.705078125 0.572265625
0 0.861328125 0.19921875 0.900390625 0.16015625 0.861328125 0.16015625 0.900390625 0.19921875
0 0.84765625 0.41796875 0.88671875 0.37890625 0.84765625 0.37890625 0.88671875 0.41796875
0 0.62109375 0.771484375 0.66015625 0.732421875 0.62109375 0.732421875 0.66015625 0.771484375
0 0.642578125 0.662109375 0.681640625 0.623046875 0.642578125 0.623046875 0.681640625 0.662109375
0 0.75 0.173828125 0.7890625 0.134765625 0.75 0.134765625 0.7890625 0.173828125
0 0.41796875 0.80078125 0.45703125 0.76171875 0.41796875 0.76171875 0.45703125 0.80078125
