0 0.48046875 0.630859375 0.51953125 0.591796875 0.48046875 0.591796875 0.51953125 0.630859375
0 0.794921875 0.33984375 0.833984375 0.30078125 0.794921875 0.30078125 0.833984375 0.33984375
0 0.353515625 0.79296875 0.392578125 0.75390625 0.353515625 0.75390625 0.392578125 0.79296875
0 0.57421875 0.095703125 0.61328125 0.056640625 0.57421875 0.056640625 0.61328125 0.095703125
0 0.646484375 0.953125 0.685546875 0.9140625 0.646484375 0.9140625 0.685546875 0.953125
0 0.517578125 0.46484375 0.556640625 0.42578125 0.517578125 0.42578125 0.556640625 0.46484375
0 0.09375 0.80859375 0.1328125 0.76953125 0.09375 0.76953125 0.1328125 0.80859375
0 0.814453125 0.6640625 0.853515625 0.625 0.814453125 0.625 0.853515625 0.6640625
0 0.203125 0.40234375 0.2421875 0.36328125 0.203125 0.36328125 0.2421875 0.40234375
0 0.150390625 0.869140625 0.189453125 0.830078125 0.150390625 0.830078125 0.189453125 0.869140625
0 0.72265625 0.583984375 0.76171875 0.544921875 0.72265625 0.544921875 0.76171875 0.583984375
0 0.255859375 0.443359375 0.294921875 0.404296875 0.255859375 0.404296875 0.294921875 0.443359375
0 0.208984375 0.7265625 0.248046875 0.6875 0.208984375 0.6875 0.248046875 0.7265625
0 0.787109375 0.814453125 0.826171875 0.775390625 0.787109375 0.775390625 0.826171875 0.814453125
