0 0.068359375 0.31640625 0.107421875 0.27734375 0.068359375 0.27734375 0.107421875 0.31640625
0 0.537109375 0.220703125 0.576171875 0.181640625 0.537109375 0.181640625 0.576171875 0.220703125
0 0.2578125 0.130859375 0.296875 0.091796875 0.2578125 0.091796875 0.296875 0.130859375
0 0.5234375 0.515625 0.5625 0.4765625 0.5234375 0.4765625 0.5625 0.515625
0 0.3125 0.087890625 0.3515625 0.048828125 0.3125 0.048828125 0.3515625 0.087890625
0 0.435546875 0.48046875 0.474609375 0.44140625 0.435546875 0.44140625 0.474609375 0.48046875
0 0.65234375 0.087890625 0.69140625 0.048828125 0.65234375 0.048828125 0.69140625 0.087890625
0 0.046875 0.677734375 0.0859375 0.638671875 0.046875 0.638671875 0.0859375 0.677734375
0 0.58203125 0.376953125 0.62109375 0.337890625 0.58203125 0.337890625 0.62109375 0.376953125
0 0.40625 0.9375 0.4453125 0.8984375 0.40625 0.8984375 0.4453125 0.9375
