0 0.76171875 0.779296875 0.80078125 0.740234375 0.76171875 0.740234375 0.80078125 0.779296875
0 0.5546875 0.6484375 0.59375 0.609375 0.5546875 0.609375 0.59375 0.6484375
0 0.6015625 0.443359375 0.640625 0.404296875 0.6015625 0.404296875 0.640625 0.443359375
0 0.259765625 0.62890625 0.298828125 0.58984375 0.259765625 0.58984375 0.298828125 0.62890625
0 0.546875 0.0859375 0.5859375 0.046875 0.546875 0.046875 0.5859375 0.0859375
0 0.720703125 0.693359375 0.759765625 0.654296875 0.720703125 0.654296875 0.759765625 0.693359375
0 0.080078125 0.66015625 0.119140625 0.62109375 0.080078125 0.62109375 0.119140625 0.66015625
0 0.208984375 0.234375 0.248046875 0.1953125 0.208984375 0.1953125 0.248046875 0.234375
0 0.208984375 0.119140625 0.248046875 0.080078125 0.208984375 0.080078125 0.248046875 0.119140625
0 0.2109375 0.083984375 0.25 0.044921875 0.2109375 0.044921875 0.25 0.083984375
