0 0.181640625 0.77734375 0.220703125 0.73828125 0.181640625 0.73828125 0.220703125 0.77734375
0 0.701171875 0.5546875 0.740234375 0.515625 0.701171875 0.515625 0.740234375 0.5546875
0 0.595703125 0.515625 0.634765625 0.4765625 0.595703125 0.4765625 0.634765625 0.515625
0 0.185546875 0.6796875 0.224609375 0.640625 0.185546875 0.640625 0.224609375 0.6796875
0 0.8203125 0.251953125 0.859375 0.212890625 0.8203125 0.212890625 0.859375 0.251953125
0 0.6484375 0.427734375 0.6875 0.388671875 0.6484375 0.388671875 0.6875 0.427734375
0 0.46875 0.3359375 0.5078125 0.296875 0.46875 0.296875 0.5078125 0.3359375
0 0.740234375 0.65234375 0.779296875 0.61328125 0.740234375 0.61328125 0.779296875 0.65234375
0 0.515625 0.181640625 0.5546875 0.142578125 0.515625 0.142578125 0.5546875 0.181640625
0 0.140625 0.166015625 0.1796875 0.126953125 0.140625 0.126953125 0.1796875 0.166015625
