0 0.177734375 0.5625 0.216796875 0.5234375 0.177734375 0.5234375 0.216796875 0.5625
0 0.90625 0.712890625 0.9453125 0.673828125 0.90625 0.673828125 0.9453125 0.712890625
0 0.32421875 0.341796875 0.36328125 0.302734375 0.32421875 0.302734375 0.36328125 0.341796875
0 0.173828125 0.45703125 0.212890625 0.41796875 0.173828125 0.41796875 0.212890625 0.45703125
0 0.822265625 0.59375 0.861328125 0.5546875 0.822265625 0.5546875 0.861328125 0.59375
0 0.392578125 0.50390625 0.431640625 0.46484375 0.392578125 0.46484375 0.431640625 0.50390625
0 0.341796875 0.55078125 0.380859375 0.51171875 0.341796875 0.51171875 0.380859375 0.55078125
0 0.0703125 0.119140625 0.109375 0.080078125 0.0703125 0.080078125 0.109375 0.119140625
0 0.166015625 0.205078125 0.205078125 0.166015625 0.166015625 0.166015625 0.205078125 0.205078125
0 0.208984375 0.09375 0.248046875 0.0546875 0.208984375 0.0546875 0.248046875 0.09375
0 0.650390625 0.27734375 0.689453125 0.23828125 0.650390625 0.23828125 0.689453125 0.27734375
0 0.669921875 0.328125 0.708984375 0.2890625 0.669921875 0.2890625 0.708984375 0.328125
0 0.552734375 0.353515625 0.591796875 0.314453125 0.552734375 0.314453125 0.591796875 0.353515625
0 0.27734375 0.80859375 0.31640625 0.76953125 0.27734375 0.76953125 0.31640625 0.80859375
