0 0.736328125 0.89453125 0.775390625 0.85546875 0.736328125 0.85546875 0.775390625 0.89453125
0 0.87890625 0.3671875 0.91796875 0.328125 0.87890625 0.328125 0.91796875 0.3671875
0 0.037109375 0.728515625 0.076171875 0.689453125 0.037109375 0.689453125 0.076171875 0.728515625
0 0.05078125 0.755859375 0.08984375 0.716796875 0.05078125 0.716796875 0.08984375 0.755859375
0 0.505859375 0.06640625 0.544921875 0.02734375 0.505859375 0.02734375 0.544921875 0.06640625
0 0.771484375 0.84375 0.810546875 0.8046875 0.771484375 0.8046875 0.810546875 0.84375
0 0.728515625 0.818359375 0.767578125 0.779296875 0.728515625 0.779296875 0.767578125 0.818359375
0 0.09375 0.15234375 0.1328125 0.11328125 0.09375 0.11328125 0.1328125 0.15234375
0 0.53515625 0.3046875 0.57421875 0.265625 0.53515625 0.265625 0.57421875 0.3046875
0 0.60546875 0.796875 0.64453125 0.7578125 0.60546875 0.7578125 0.64453125 0.796875
0 0.66015625 0.240234375 0.69921875 0.201171875 0.66015625 0.201171875 0.69921875 0.240234375
