0 0.0703125 0.75 0.109375 0.7109375 0.0703125 0.7109375 0.109375 0.75
0 0.033203125 0.6875 0.072265625 0.6484375 0.033203125 0.6484375 0.072265625 0.6875
0 0.515625 0.4765625 0.5546875 0.4375 0.515625 0.4375 0.5546875 0.4765625
0 0.048828125 0.4609375 0.087890625 0.421875 0.048828125 0.421875 0.087890625 0.4609375
0 0.765625 0.248046875 0.8046875 0.208984375 0.765625 0.208984375 0.8046875 0.248046875
0 0.71484375 0.46484375 0.75390625 0.42578125 0.71484375 0.42578125 0.75390625 0.46484375
0 0.298828125 0.076171875 0.337890625 0.037109375 0.298828125 0.037109375 0.337890625 0.076171875
0 0.623046875 0.529296875 0.662109375 0.490234375 0.623046875 0.490234375 0.662109375 0.529296875
0 0.87109375 0.294921875 0.91015625 0.255859375 0.87109375 0.255859375 0.91015625 0.294921875
0 0.73046875 0.7734375 0.76953125 0.734375 0.73046875 0.734375 0.76953125 0.7734375
0 0.513671875 0.58984375 0.552734375 0.55078125 0.513671875 0.55078125 0.552734375 0.58984375
