0 0.3125 0.73046875 0.3515625 0.69140625 0.3125 0.69140625 0.3515625 0.73046875
0 0.3046875 0.46875 0.34375 0.4296875 0.3046875 0.4296875 0.34375 0.46875
0 0.181640625 0.755859375 0.220703125 0.716796875 0.181640625 0.716796875 0.220703125 0.755859375
0 0.267578125 0.921875 0.306640625 0.8828125 0.267578125 0.8828125 0.306640625 0.921875
0 0.162109375 0.294921875 0.201171875 0.255859375 0.162109375 0.255859375 0.201171875 0.294921875
0 0.2109375 0.83984375 0.25 0.80078125 0.2109375 0.80078125 0.25 0.83984375
0 0.658203125 0.94921875 0.697265625 0.91015625 0.658203125 0.91015625 0.697265625 0.94921875
0 0.65234375 0.4296875 0.69140625 0.390625 0.65234375 0.390625 0.69140625 0.4296875
0 0.892578125 0.732421875 0.931640625 0.693359375 0.892578125 0.693359375 0.931640625 0.732421875
0 0.234375 0.130859375 0.2734375 0.091796875 0.234375 0.091796875 0.2734375 0.130859375
0 0.466796875 0.14453125 0.505859375 0.10546875 0.466796875 0.10546875 0.505859375 0.14453125
0 0.142578125 0.271484375 0.181640625 0.232421875 0.142578125 0.232421875 0.181640625 0.271484375
