0 0.8515625 0.419921875 0.890625 0.380859375 0.8515625 0.380859375 0.890625 0.419921875
0 0.685546875 0.421875 0.724609375 0.3828125 0.685546875 0.3828125 0.724609375 0.421875
0 0.890625 0.126953125 0.9296875 0.087890625 0.890625 0.087890625 0.9296875 0.126953125
0 0.154296875 0.291015625 0.193359375 0.251953125 0.154296875 0.251953125 0.193359375 0.291015625
0 0.44921875 0.517578125 0.48828125 0.478515625 0.44921875 0.478515625 0.48828125 0.517578125
0 0.865234375 0.78515625 0.904296875 0.74609375 0.865234375 0.74609375 0.904296875 0.78515625
0 0.494140625 0.330078125 0.533203125 0.291015625 0.494140625 0.291015625 0.533203125 0.330078125
0 0.271484375 0.21484375 0.310546875 0.17578125 0.271484375 0.17578125 0.310546875 0.21484375
0 0.25 0.423828125 0.2890625 0.384765625 0.25 0.384765625 0.2890625 0.423828125
0 0.904296875 0.85546875 0.943359375 0.81640625 0.904296875 0.81640625 0.943359375 0.85546875
