0 0.248046875 0.080078125 0.287109375 0.041015625 0.248046875 0.041015625 0.287109375 0.080078125
0 0.42578125 0.818359375 0.46484375 0.779296875 0.42578125 0.779296875 0.46484375 0.818359375
0 0.66015625 0.890625 0.69921875 0.8515625 0.66015625 0.8515625 0.69921875 0.890625
0 0.787109375 0.44921875 0.826171875 0.41015625 0.787109375 0.41015625 0.826171875 0.44921875
0 0.087890625 0.40625 0.126953125 0.3671875 0.087890625 0.3671875 0.126953125 0.40625
0 0.693359375 0.37109375 0.732421875 0.33203125 0.693359375 0.33203125 0.732421875 0.37109375
0 0.86328125 0.509765625 0.90234375 0.470703125 0.86328125 0.470703125 0.90234375 0.509765625
0 0.6953125 0.384765625 0.734375 0.345703125 0.6953125 0.345703125 0.734375 0.384765625
0 0.72265625 0.95703125 0.76171875 0.91796875 0.72265625 0.91796875 0.76171875 0.95703125
0 0.9140625 0.107421875 0.953125 0.068359375 0.9140625 0.068359375 0.953125 0.107421875
