0 0.4453125 0.783203125 0.484375 0.744140625 0.4453125 0.744140625 0.484375 0.783203125
0 0.626953125 0.083984375 0.666015625 0.044921875 0.626953125 0.044921875 0.666015625 0.083984375
0 0.064453125 0.845703125 0.103515625 0.806640625 0.064453125 0.806640625 0.103515625 0.845703125
0 0.33203125 0.556640625 0.37109375 0.517578125 0.33203125 0.517578125 0.37109375 0.556640625
0 0.416015625 0.466796875 0.455078125 0.427734375 0.416015625 0.427734375 0.455078125 0.466796875
0 0.365234375 0.845703125 0.404296875 0.806640625 0.365234375 0.806640625 0.404296875 0.845703125
0 0.716796875 0.58203125 0.755859375 0.54296875 0.716796875 0.54296875 0.755859375 0.58203125
0 0.56640625 0.490234375 0.60546875 0.451171875 0.56640625 0.451171875 0.60546875 0.490234375
0 0.16015625 0.40234375 0.19921875 0.36328125 0.16015625 0.36328125 0.19921875 0.40234375
0 0.30859375 0.12890625 0.34765625 0.08984375 0.30859375 0.08984375 0.34765625 0.12890625
0 0.595703125 0.73828125 0.634765625 0.69921875 0.595703125 0.69921875 0.634765625 0.73828125
0 0.083984375 0.697265625 0.123046875 0.658203125 0.083984375 0.658203125 0.123046875 0.697265625
