0 0.421875 0.861328125 0.4609375 0.822265625 0.421875 0.822265625 0.4609375 0.861328125
0 0.76953125 0.259765625 0.80859375 0.220703125 0.76953125 0.220703125 0.80859375 0.259765625
0 0.251953125 0.3046875 0.291015625 0.265625 0.251953125 0.265625 0.291015625 0.3046875
0 0.203125 0.3515625 0.2421875 0.3125 0.203125 0.3125 0.2421875 0.3515625
0 0.431640625 0.39453125 0.470703125 0.35546875 0.431640625 0.35546875 0.470703125 0.39453125
0 0.36328125 0.2265625 0.40234375 0.1875 0.36328125 0.1875 0.40234375 0.2265625
0 0.787109375 0.4609375 0.826171875 0.421875 0.787109375 0.421875 0.826171875 0.4609375
0 0.908203125 0.318359375 0.947265625 0.279296875 0.908203125 0.279296875 0.947265625 0.318359375
0 0.4609375 0.181640625 0.5 0.142578125 0.4609375 0.142578125 0.5 0.181640625
0 0.20703125 0.091796875 0.24609375 0.052734375 0.20703125 0.052734375 0.24609375 0.091796875
0 0.658203125 0.220703125 0.697265625 0.181640625 0.658203125 0.181640625 0.697265625 0.220703125
