0 0.375 0.19921875 0.4140625 0.16015625 0.375 0.16015625 0.4140625 0.19921875
0 0.87890625 0.380859375 0.91796875 0.341796875 0.87890625 0.341796875 0.91796875 0.380859375
0 0.71875 0.48828125 0.7578125 0.44921875 0.71875 0.44921875 0.7578125 0.48828125
0 0.59375 0.75390625 0.6328125 0.71484375 0.59375 0.71484375 0.6328125 0.75390625
0 0.201171875 0.47265625 0.240234375 0.43359375 0.201171875 0.43359375 0.240234375 0.47265625
0 0.375 0.4609375 0.4140625 0.421875 0.375 0.421875 0.4140625 0.4609375
0 0.791015625 0.6875 0.830078125 0.6484375 0.791015625 0.6484375 0.830078125 0.6875
0 0.8046875 0.427734375 0.84375 0.388671875 0.8046875 0.388671875 0.84375 0.427734375
0 0.791015625 0.365234375 0.830078125 0.326171875 0.791015625 0.326171875 0.830078125 0.365234375
0 0.12109375 0.34765625 0.16015625 0.30859375 0.12109375 0.30859375 0.16015625 0.34765625
0 0.79296875 0.4453125 0.83203125 0.40625 0.79296875 0.40625 0.83203125 0.4453125
0 0.0859375 0.759765625 0.125 0.720703125 0.0859375 0.720703125 0.125 0.759765625
