0 0.921875 0.85546875 0.9609375 0.81640625 0.921875 0.81640625 0.9609375 0.85546875
0 0.169921875 0.5234375 0.208984375 0.484375 0.169921875 0.484375 0.208984375 0.5234375
0 0.681640625 0.263671875 0.720703125 0.224609375 0.681640625 0.224609375 0.720703125 0.263671875
0 0.673828125 0.701171875 0.712890625 0.662109375 0.673828125 0.662109375 0.712890625 0.701171875
0 0.42578125 0.416015625 0.46484375 0.376953125 0.42578125 0.376953125 0.46484375 0.416015625
0 0.8515625 0.697265625 0.890625 0.658203125 0.8515625 0.658203125 0.890625 0.697265625
0 0.923828125 0.109375 0.962890625 0.0703125 0.923828125 0.0703125 0.962890625 0.109375
0 0.759765625 0.759765625 0.798828125 0.720703125 0.759765625 0.720703125 0.798828125 0.759765625
0 0.46875 0.904296875 0.5078125 0.865234375 0.46875 0.865234375 0.5078125 0.904296875
0 0.646484375 0.07421875 0.685546875 0.03515625 0.646484375 0.03515625 0.685546875 0.07421875
0 0.06640625 0.341796875 0.10546875 0.302734375 0.06640625 0.302734375 0.10546875 0.341796875
