0 0.43359375 0.171875 0.47265625 0.1328125 0.43359375 0.1328125 0.47265625 0.171875
0 0.650390625 0.73046875 0.689453125 0.69140625 0.650390625 0.69140625 0.689453125 0.73046875
0 0.12109375 0.607421875 0.16015625 0.568359375 0.12109375 0.568359375 0.16015625 0.607421875
0 0.3125 0.890625 0.3515625 0.8515625 0.3125 0.8515625 0.3515625 0.890625
0 0.361328125 0.46484375 0.400390625 0.42578125 0.361328125 0.42578125 0.400390625 0.46484375
0 0.55078125 0.322265625 0.58984375 0.283203125 0.55078125 0.283203125 0.58984375 0.322265625
0 0.833984375 0.40625 0.873046875 0.3671875 0.833984375 0.3671875 0.873046875 0.40625
0 0.447265625 0.14453125 0.486328125 0.10546875 0.447265625 0.10546875 0.486328125 0.14453125
0 0.2734375 0.609375 0.3125 0.5703125 0.2734375 0.5703125 0.3125 0.609375
0 0.125 0.78125 0.1640625 0.7421875 0.125 0.7421875 0.1640625 0.78125
0 0.33203125 0.853515625 0.37109375 0.814453125 0.33203125 0.814453125 0.37109375 0.853515625
0 0.517578125 0.28515625 0.556640625 0.24609375 0.517578125 0.24609375 0.556640625 0.28515625
0 0.904296875 0.486328125 0.943359375 0.447265625 0.904296875 0.447265625 0.943359375 0.486328125
0 0.09765625 0.65234375 0.13671875 0.61328125 0.09765625 0.61328125 0.13671875 0.65234375
