0 0.5390625 0.68359375 0.578125 0.64453125 0.5390625 0.64453125 0.578125 0.68359375
0 0.828125 0.875 0.8671875 0.8359375 0.828125 0.8359375 0.8671875 0.875
0 0.734375 0.5390625 0.7734375 0.5 0.734375 0.5 0.7734375 0.5390625
0 0.58984375 0.498046875 0.62890625 0.458984375 0.58984375 0.458984375 0.62890625 0.498046875
0 0.583984375 0.78125 0.623046875 0.7421875 0.583984375 0.7421875 0.623046875 0.78125
0 0.041015625 0.734375 0.080078125 0.6953125 0.041015625 0.6953125 0.080078125 0.734375
0 0.67578125 0.494140625 0.71484375 0.455078125 0.67578125 0.455078125 0.71484375 0.494140625
0 0.677734375 0.66796875 0.716796875 0.62890625 0.677734375 0.62890625 0.716796875 0.66796875
0 0.080078125 0.078125 0.119140625 0.0390625 0.080078125 0.0390625 0.119140625 0.078125
0 0.173828125 0.8125 0.212890625 0.7734375 0.173828125 0.7734375 0.212890625 0.8125
