0 0.25390625 0.26953125 0.29296875 0.23046875 0.25390625 0.23046875 0.29296875 0.26953125
0 0.923828125 0.142578125 0.962890625 0.103515625 0.923828125 0.103515625 0.962890625 0.142578125
0 0.56640625 0.556640625 0.60546875 0.517578125 0.56640625 0.517578125 0.60546875 0.556640625
0 0.1171875 0.34765625 0.15625 0.30859375 0.1171875 0.30859375 0.15625 0.34765625
0 0.17578125 0.947265625 0.21484375 0.908203125 0.17578125 0.908203125 0.21484375 0.947265625
0 0.39453125 0.287109375 0.43359375 0.248046875 0.39453125 0.248046875 0.43359375 0.287109375
0 0.265625 0.48828125 0.3046875 0.44921875 0.265625 0.44921875 0.3046875 0.48828125
0 0.125 0.771484375 0.1640625 0.732421875 0.125 0.732421875 0.1640625 0.771484375
0 0.076171875 0.880859375 0.115234375 0.841796875 0.076171875 0.841796875 0.115234375 0.880859375
0 0.1015625 0.64453125 0.140625 0.60546875 0.1015625 0.60546875 0.140625 0.64453125
0 0.408203125 0.658203125 0.447265625 0.619140625 0.408203125 0.619140625 0.447265625 0.658203125
0 0.5703125 0.509765625 0.609375 0.470703125 0.5703125 0.470703125 0.609375 0.509765625
