0 0.224609375 0.810546875 0.263671875 0.771484375 0.224609375 0.771484375 0.263671875 0.810546875
0 0.302734375 0.623046875 0.341796875 0.583984375 0.302734375 0.583984375 0.341796875 0.623046875
0 0.90625 0.90625 0.9453125 0.8671875 0.90625 0.8671875 0.9453125 0.90625
0 0.83984375 0.423828125 0.87890625 0.384765625 0.83984375 0.384765625 0.87890625 0.423828125
0 0.634765625 0.330078125 0.673828125 0.291015625 0.634765625 0.291015625 0.673828125 0.330078125
0 0.318359375 0.4609375 0.357421875 0.421875 0.318359375 0.421875 0.357421875 0.4609375
0 0.78515625 0.9296875 0.82421875 0.890625 0.78515625 0.890625 0.82421875 0.9296875
0 0.208984375 0.482421875 0.248046875 0.443359375 0.208984375 0.443359375 0.248046875 0.482421875
0 0.330078125 0.498046875 0.369140625 0.458984375 0.330078125 0.458984375 0.369140625 0.498046875
0 0.572265625 0.669921875 0.611328125 0.630859375 0.572265625 0.630859375 0.611328125 0.669921875
0 0.521484375 0.6171875 0.560546875 0.578125 0.521484375 0.578125 0.560546875 0.6171875
0 0.689453125 0.83984375 0.728515625 0.80078125 0.689453125 0.80078125 0.728515625 0.83984375
0 0.37109375 0.80078125 0.41015625 0.76171875 0.37109375 0.76171875 0.41015625 0.80078125
