0 0.63671875 0.134765625 0.67578125 0.095703125 0.63671875 0.095703125 0.67578125 0.134765625
0 0.11328125 0.212890625 0.15234375 0.173828125 0.11328125 0.173828125 0.15234375 0.212890625
0 0.3828125 0.484375 0.421875 0.4453125 0.3828125 0.4453125 0.421875 0.484375
0 0.421875 0.30859375 0.4609375 0.26953125 0.421875 0.26953125 0.4609375 0.30859375
0 0.337890625 0.16015625 0.376953125 0.12109375 0.337890625 0.12109375 0.376953125 0.16015625
0 0.458984375 0.50390625 0.498046875 0.46484375 0.458984375 0.46484375 0.498046875 0.50390625
0 0.109375 0.4453125 0.1484375 0.40625 0.109375 0.40625 0.1484375 0.4453125
0 0.625 0.26953125 0.6640625 0.23046875 0.625 0.23046875 0.6640625 0.26953125
0 0.451171875 0.41796875 0.490234375 0.37890625 0.451171875 0.37890625 0.490234375 0.41796875
0 0.6953125 0.708984375 0.734375 0.669921875 0.6953125 0.669921875 0.734375 0.708984375
0 0.720703125 0.091796875 0.759765625 0.052734375 0.720703125 0.052734375 0.759765625 0.091796875
0 0.87890625 0.6171875 0.91796875 0.578125 0.87890625 0.578125 0.91796875 0.6171875
0 0.453125 0.087890625 0.4921875 0.048828125 0.453125 0.048828125 0.4921875 0.087890625
0 0.087890625 0.72265625 0.126953125 0.68359375 0.087890625 0.68359375 0.126953125 0.72265625
