0 0.55859375 0.6640625 0.59765625 0.625 0.55859375 0.625 0.59765625 0.6640625
0 0.234375 0.37109375 0.2734375 0.33203125 0.234375 0.33203125 0.2734375 0.37109375
0 0.76171875 0.943359375 0.80078125 0.904296875 0.76171875 0.904296875 0.80078125 0.943359375
0 0.509765625 0.509765625 0.548828125 0.470703125 0.509765625 0.470703125 0.548828125 0.509765625
0 0.49609375 0.9453125 0.53515625 0.90625 0.49609375 0.90625 0.53515625 0.9453125
0 0.439453125 0.818359375 0.478515625 0.779296875 0.439453125 0.779296875 0.478515625 0.818359375
0 0.150390625 0.78125 0.189453125 0.7421875 0.150390625 0.7421875 0.189453125 0.78125
0 0.240234375 0.6171875 0.279296875 0.578125 0.240234375 0.578125 0.279296875 0.6171875
0 0.666015625 0.384765625 0.705078125 0.345703125 0.666015625 0.345703125 0.705078125 0.384765625
0 0.705078125 0.140625 0.744140625 0.1015625 0.705078125 0.1015625 0.744140625 0.140625
0 0.427734375 0.08984375 0.466796875 0.05078125 0.427734375 0.05078125 0.466796875 0.08984375
0 0.712890625 0.619140625 0.751953125 0.580078125 0.712890625 0.580078125 0.751953125 0.619140625
0 0.1640625 0.73828125 0.203125 0.69921875 0.1640625 0.69921875 0.203125 0.73828125
