0 0.361328125 0.41015625 0.400390625 0.37109375 0.361328125 0.37109375 0.400390625 0.41015625
0 0.51953125 0.408203125 0.55859375 0.369140625 0.51953125 0.369140625 0.55859375 0.408203125
0 0.669921875 0.43359375 0.708984375 0.39453125 0.669921875 0.39453125 0.708984375 0.43359375
0 0.34765625 0.84765625 0.38671875 0.80859375 0.34765625 0.80859375 0.38671875 0.84765625
0 0.80859375 0.2109375 0.84765625 0.171875 0.80859375 0.171875 0.84765625 0.2109375
0 0.40234375 0.869140625 0.44140625 0.830078125 0.40234375 0.830078125 0.44140625 0.869140625
0 0.69921875 0.109375 0.73828125 0.0703125 0.69921875 0.0703125 0.73828125 0.109375
0 0.916015625 0.779296875 0.955078125 0.740234375 0.916015625 0.740234375 0.955078125 0.779296875
0 0.1015625 0.732421875 0.140625 0.693359375 0.1015625 0.693359375 0.140625 0.732421875
0 0.767578125 0.9375 0.806640625 0.8984375 0.767578125 0.8984375 0.806640625 0.9375
0 0.30859375 0.919921875 0.34765625 0.880859375 0.30859375 0.880859375 0.34765625 0.919921875
