0 0.91796875 0.34375 0.95703125 0.3046875 0.91796875 0.3046875 0.95703125 0.34375
0 0.787109375 0.662109375 0.826171875 0.623046875 0.787109375 0.623046875 0.826171875 0.662109375
0 0.8828125 0.447265625 0.921875 0.408203125 0.8828125 0.408203125 0.921875 0.447265625
0 0.162109375 0.693359375 0.201171875 0.654296875 0.162109375 0.654296875 0.201171875 0.693359375
0 0.732421875 0.1640625 0.771484375 0.125 0.732421875 0.125 0.771484375 0.1640625
0 0.552734375 0.822265625 0.591796875 0.783203125 0.552734375 0.783203125 0.591796875 0.822265625
0 0.673828125 0.697265625 0.712890625 0.658203125 0.673828125 0.658203125 0.712890625 0.697265625
0 0.44921875 0.439453125 0.48828125 0.400390625 0.44921875 0.400390625 0.48828125 0.439453125
0 0.09375 0.451171875 0.1328125 0.412109375 0.09375 0.412109375 0.1328125 0.451171875
0 0.900390625 0.20703125 0.939453125 0.16796875 0.900390625 0.16796875 0.939453125 0.20703125
0 0.171875 0.53125 0.2109375 0.4921875 0.171875 0.4921875 0.2109375 0.53125
0 0.29296875 0.880859375 0.33203125 0.841796875 0.29296875 0.841796875 0.33203125 0.880859375
0 0.24609375 0.779296875 0.28515625 0.740234375 0.24609375 0.740234375 0.28515625 0.779296875
