0 0.693359375 0.490234375 0.732421875 0.451171875 0.693359375 0.451171875 0.732421875 0.490234375
0 0.912109375 0.220703125 0.951171875 0.181640625 0.912109375 0.181640625 0.951171875 0.220703125
0 0.203125 0.7109375 0.2421875 0.671875 0.203125 0.671875 0.2421875 0.7109375
0 0.134765625 0.328125 0.173828125 0.2890625 0.134765625 0.2890625 0.173828125 0.328125
0 0.275390625 0.880859375 0.314453125 0.841796875 0.275390625 0.841796875 0.314453125 0.880859375
0 0.359375 0.15625 0.3984375 0.1171875 0.359375 0.1171875 0.3984375 0.15625
0 0.349609375 0.650390625 0.388671875 0.611328125 0.349609375 0.611328125 0.388671875 0.650390625
0 0.341796875 0.79296875 0.380859375 0.75390625 0.341796875 0.75390625 0.380859375 0.79296875
0 0.73828125 0.35546875 0.77734375 0.31640625 0.73828125 0.31640625 0.77734375 0.35546875
0 0.3515625 0.490234375 0.390625 0.451171875 0.3515625 0.451171875 0.390625 0.490234375
0 0.134765625 0.306640625 0.173828125 0.267578125 0.134765625 0.267578125 0.173828125 0.306640625
0 0.216796875 0.380859375 0.255859375 0.341796875 0.216796875 0.341796875 0.255859375 0.380859375
