0 0.927734375 0.814453125 0.966796875 0.775390625 0.927734375 0.775390625 0.966796875 0.814453125
0 0.625 0.3984375 0.6640625 0.359375 0.625 0.359375 0.6640625 0.3984375
0 0.833984375 0.9296875 0.873046875 0.890625 0.833984375 0.890625 0.873046875 0.9296875
0 0.505859375 0.439453125 0.544921875 0.400390625 0.505859375 0.400390625 0.544921875 0.439453125
0 0.56640625 0.740234375 0.60546875 0.701171875 0.56640625 0.701171875 0.60546875 0.740234375
0 0.708984375 0.228515625 0.748046875 0.189453125 0.708984375 0.189453125 0.748046875 0.228515625
0 0.171875 0.443359375 0.2109375 0.404296875 0.171875 0.404296875 0.2109375 0.443359375
0 0.189453125 0.380859375 0.228515625 0.341796875 0.189453125 0.341796875 0.228515625 0.380859375
0 0.828125 0.19140625 0.8671875 0.15234375 0.828125 0.15234375 0.8671875 0.19140625
0 0.82421875 0.51953125 0.86328125 0.48046875 0.82421875 0.48046875 0.86328125 0.51953125
