0 0.556640625 0.3046875 0.595703125 0.265625 0.556640625 0.265625 0.595703125 0.3046875
0 0.5234375 0.65625 0.5625 0.6171875 0.5234375 0.6171875 0.5625 0.65625
0 0.37109375 0.658203125 0.41015625 0.619140625 0.37109375 0.619140625 0.41015625 0.658203125
0 0.71875 0.2265625 0.7578125 0.1875 0.71875 0.1875 0.7578125 0.2265625
0 0.56640625 0.177734375 0.60546875 0.138671875 0.56640625 0.138671875 0.60546875 0.177734375
0 0.541015625 0.75 0.580078125 0.7109375 0.541015625 0.7109375 0.580078125 0.75
0 0.72265625 0.1640625 0.76171875 0.125 0.72265625 0.125 0.76171875 0.1640625
0 0.748046875 0.80859375 0.787109375 0.76953125 0.748046875 0.76953125 0.787109375 0.80859375
0 0.23828125 0.890625 0.27734375 0.8515625 0.23828125 0.8515625 0.27734375 0.890625
0 0.798828125 0.6171875 0.837890625 0.578125 0.798828125 0.578125 0.837890625 0.6171875
0 0.271484375 0.439453125 0.310546875 0.400390625 0.271484375 0.400390625 0.310546875 0.439453125
0 0.04296875 0.697265625 0.08203125 0.658203125 0.04296875 0.658203125 0.08203125 0.697265625
0 0.765625 0.609375 0.8046875 0.5703125 0.765625 0.5703125 0.8046875 0.609375
0 0.201171875 0.515625 0.240234375 0.4765625 0.201171875 0.4765625 0.240234375 0.515625
