0 0.8515625 0.9140625 0.890625 0.875 0.8515625 0.875 0.890625 0.9140625
0 0.7890625 0.134765625 0.828125 0.095703125 0.7890625 0.095703125 0.828125 0.134765625
0 0.560546875 0.6640625 0.599609375 0.625 0.560546875 0.625 0.599609375 0.6640625
0 0.77734375 0.146484375 0.81640625 0.107421875 0.77734375 0.107421875 0.81640625 0.146484375
0 0.119140625 0.71875 0.158203125 0.6796875 0.119140625 0.6796875 0.158203125 0.71875
0 0.380859375 0.439453125 0.419921875 0.400390625 0.380859375 0.400390625 0.419921875 0.439453125
0 0.572265625 0.73046875 0.611328125 0.69140625 0.572265625 0.69140625 0.611328125 0.73046875
0 0.419921875 0.453125 0.458984375 0.4140625 0.419921875 0.4140625 0.458984375 0.453125
0 0.734375 0.765625 0.7734375 0.7265625 0.734375 0.7265625 0.7734375 0.765625
0 0.59375 0.478515625 0.6328125 0.439453125 0.59375 0.439453125 0.6328125 0.478515625
0 0.640625 0.87890625 0.6796875 0.83984375 0.640625 0.83984375 0.6796875 0.87890625
0 0.607421875 0.62109375 0.646484375 0.58203125 0.607421875 0.58203125 0.646484375 0.62109375
0 0.861328125 0.408203125 0.900390625 0.369140625 0.861328125 0.369140625 0.900390625 0.408203125
