0 0.5703125 0.125 0.609375 0.0859375 0.5703125 0.0859375 0.609375 0.125
0 0.26171875 0.181640625 0.30078125 0.142578125 0.26171875 0.142578125 0.30078125 0.181640625
0 0.267578125 0.90625 0.306640625 0.8671875 0.267578125 0.8671875 0.306640625 0.90625
0 0.693359375 0.244140625 0.732421875 0.205078125 0.693359375 0.205078125 0.732421875 0.244140625
0 0.65625 0.314453125 0.6953125 0.275390625 0.65625 0.275390625 0.6953125 0.314453125
0 0.66015625 0.84375 0.69921875 0.8046875 0.66015625 0.8046875 0.69921875 0.84375
0 0.44140625 0.525390625 0.48046875 0.486328125 0.44140625 0.486328125 0.48046875 0.525390625
0 0.64453125 0.41015625 0.68359375 0.37109375 0.64453125 0.37109375 0.68359375 0.41015625
0 0.927734375 0.703125 0.966796875 0.6640625 0.927734375 0.6640625 0.966796875 0.703125
0 0.083984375 0.890625 0.123046875 0.8515625 0.083984375 0.8515625 0.123046875 0.890625
