0 0.326171875 0.265625 0.365234375 0.2265625 0.326171875 0.2265625 0.365234375 0.265625
0 0.41796875 0.658203125 0.45703125 0.619140625 0.41796875 0.619140625 0.45703125 0.658203125
0 0.65625 0.076171875 0.6953125 0.037109375 0.65625 0.037109375 0.6953125 0.076171875
0 0.232421875 0.880859375 0.271484375 0.841796875 0.232421875 0.841796875 0.271484375 0.880859375
0 0.83984375 0.931640625 0.87890625 0.892578125 0.83984375 0.892578125 0.87890625 0.931640625
0 0.2109375 0.927734375 0.25 0.888671875 0.2109375 0.888671875 0.25 0.927734375
0 0.068359375 0.951171875 0.107421875 0.912109375 0.068359375 0.912109375 0.107421875 0.951171875
0 0.646484375 0.193359375 0.685546875 0.154296875 0.646484375 0.154296875 0.685546875 0.193359375
0 0.826171875 0.451171875 0.865234375 0.412109375 0.826171875 0.412109375 0.865234375 0.451171875
0 0.251953125 0.28515625 0.291015625 0.24609375 0.251953125 0.24609375 0.291015625 0.28515625
0 0.857421875 0.560546875 0.896484375 0.521484375 0.857421875 0.521484375 0.896484375 0.560546875
0 0.306640625 0.14453125 0.345703125 0.10546875 0.306640625 0.10546875 0.345703125 0.14453125
0 0.767578125 0.83984375 0.806640625 0.80078125 0.767578125 0.80078125 0.806640625 0.83984375
0 0.78125 0.86328125 0.8203125 0.82421875 0.78125 0.82421875 0.8203125 0.86328125
