0 0.859375 0.9296875 0.8984375 0.890625 0.859375 0.890625 0.8984375 0.9296875
0 0.36328125 0.857421875 0.40234375 0.818359375 0.36328125 0.818359375 0.40234375 0.857421875
0 0.62109375 0.5078125 0.66015625 0.46875 0.62109375 0.46875 0.66015625 0.5078125
0 0.083984375 0.208984375 0.123046875 0.169921875 0.083984375 0.169921875 0.123046875 0.208984375
0 0.451171875 0.484375 0.490234375 0.4453125 0.451171875 0.4453125 0.490234375 0.484375
0 0.921875 0.314453125 0.9609375 0.275390625 0.921875 0.275390625 0.9609375 0.314453125
0 0.267578125 0.583984375 0.306640625 0.544921875 0.267578125 0.544921875 0.306640625 0.583984375
0 0.15625 0.287109375 0.1953125 0.248046875 0.15625 0.248046875 0.1953125 0.287109375
0 0.388671875 0.640625 0.427734375 0.6015625 0.388671875 0.6015625 0.427734375 0.640625
0 0.552734375 0.1484375 0.591796875 0.109375 0.552734375 0.109375 0.591796875 0.1484375
0 0.693359375 0.216796875 0.732421875 0.177734375 0.693359375 0.177734375 0.732421875 0.216796875
0 0.267578125 0.248046875 0.306640625 0.208984375 0.267578125 0.208984375 0.306640625 0.248046875
0 0.068359375 0.296875 0.107421875 0.2578125 0.068359375 0.2578125 0.107421875 0.296875
0 0.162109375 0.568359375 0.201171875 0.529296875 0.162109375 0.529296875 0.201171875 0.568359375
