0 0.61328125 0.892578125 0.65234375 0.853515625 0.61328125 0.853515625 0.65234375 0.892578125
0 0.205078125 0.517578125 0.244140625 0.478515625 0.205078125 0.478515625 0.244140625 0.517578125
0 0.244140625 0.873046875 0.283203125 0.833984375 0.244140625 0.833984375 0.283203125 0.873046875
0 0.326171875 0.638671875 0.365234375 0.599609375 0.326171875 0.599609375 0.365234375 0.638671875
0 0.9140625 0.66796875 0.953125 0.62890625 0.9140625 0.62890625 0.953125 0.66796875
0 0.744140625 0.72265625 0.783203125 0.68359375 0.744140625 0.68359375 0.783203125 0.72265625
0 0.8046875 0.861328125 0.84375 0.822265625 0.8046875 0.822265625 0.84375 0.861328125
0 0.84765625 0.63671875 0.88671875 0.59765625 0.84765625 0.59765625 0.88671875 0.63671875
0 0.388671875 0.1953125 0.427734375 0.15625 0.388671875 0.15625 0.427734375 0.1953125
0 0.123046875 0.80078125 0.162109375 0.76171875 0.123046875 0.76171875 0.162109375 0.80078125
0 0.07421875 0.572265625 0.11328125 0.533203125 0.07421875 0.533203125 0.11328125 0.572265625
