0 0.802734375 0.92578125 0.841796875 0.88671875 0.802734375 0.88671875 0.841796875 0.92578125
0 0.775390625 0.6953125 0.814453125 0.65625 0.775390625 0.65625 0.814453125 0.6953125
0 0.34765625 0.669921875 0.38671875 0.630859375 0.34765625 0.630859375 0.38671875 0.669921875
0 0.654296875 0.8046875 0.693359375 0.765625 0.654296875 0.765625 0.693359375 0.8046875
0 0.5390625 0.634765625 0.578125 0.595703125 0.5390625 0.595703125 0.578125 0.634765625
0 0.04296875 0.84375 0.08203125 0.8046875 0.04296875 0.8046875 0.08203125 0.84375
0 0.28515625 0.630859375 0.32421875 0.591796875 0.28515625 0.591796875 0.32421875 0.630859375
0 0.068359375 0.80078125 0.107421875 0.76171875 0.068359375 0.76171875 0.107421875 0.80078125
0 0.533203125 0.8125 0.572265625 0.7734375 0.533203125 0.7734375 0.572265625 0.8125
0 0.55859375 0.716796875 0.59765625 0.677734375 0.55859375 0.677734375 0.59765625 0.716796875
0 0.28515625 0.126953125 0.32421875 0.087890625 0.28515625 0.087890625 0.32421875 0.126953125
0 0.0625 0.47265625 0.1015625 0.43359375 0.0625 0.43359375 0.1015625 0.47265625
0 0.130859375 0.755859375 0.169921875 0.716796875 0.130859375 0.716796875 0.169921875 0.755859375
0 0.517578125 0.41796875 0.556640625 0.37890625 0.517578125 0.37890625 0.556640625 0.41796875
