0 0.470703125 0.34375 0.509765625 0.3046875 0.470703125 0.3046875 0.509765625 0.34375
0 0.7265625 0.328125 0.765625 0.2890625 0.7265625 0.2890625 0.765625 0.328125
0 0.09375 0.07421875 0.1328125 0.03515625 0.09375 0.03515625 0.1328125 0.07421875
0 0.626953125 0.7265625 0.666015625 0.6875 0.626953125 0.6875 0.666015625 0.7265625
0 0.734375 0.29296875 0.7734375 0.25390625 0.734375 0.25390625 0.7734375 0.29296875
0 0.451171875 0.94140625 0.490234375 0.90234375 0.451171875 0.90234375 0.490234375 0.94140625
0 0.837890625 0.390625 0.876953125 0.3515625 0.837890625 0.3515625 0.876953125 0.390625
0 0.357421875 0.15234375 0.396484375 0.11328125 0.357421875 0.11328125 0.396484375 0.15234375
0 0.29296875 0.173828125 0.33203125 0.134765625 0.29296875 0.134765625 0.33203125 0.173828125
0 0.775390625 0.486328125 0.814453125 0.447265625 0.775390625 0.447265625 0.814453125 0.486328125
