0 0.5859375 0.08203125 0.625 0.04296875 0.5859375 0.04296875 0.625 0.08203125
0 0.392578125 0.498046875 0.431640625 0.458984375 0.392578125 0.458984375 0.431640625 0.498046875
0 0.5546875 0.244140625 0.59375 0.205078125 0.5546875 0.205078125 0.59375 0.244140625
0 0.392578125 0.64453125 0.431640625 0.60546875 0.392578125 0.60546875 0.431640625 0.64453125
0 0.46875 0.646484375 0.5078125 0.607421875 0.46875 0.607421875 0.5078125 0.646484375
0 0.486328125 0.8828125 0.525390625 0.84375 0.486328125 0.84375 0.525390625 0.8828125
0 0.572265625 0.814453125 0.611328125 0.775390625 0.572265625 0.775390625 0.611328125 0.814453125
0 0.705078125 0.537109375 0.744140625 0.498046875 0.705078125 0.498046875 0.744140625 0.537109375
0 0.748046875 0.923828125 0.787109375 0.884765625 0.748046875 0.884765625 0.787109375 0.923828125
0 0.68359375 0.3046875 0.72265625 0.265625 0.68359375 0.265625 0.72265625 0.3046875
0 0.158203125 0.9375 0.197265625 0.8984375 0.158203125 0.8984375 0.197265625 0.9375
0 0.150390625 0.486328125 0.189453125 0.447265625 0.150390625 0.447265625 0.189453125 0.486328125
0 0.1328125 0.818359375 0.171875 0.779296875 0.1328125 0.779296875 0.171875 0.818359375
0 0.3515625 0.408203125 0.390625 0.369140625 0.3515625 0.369140625 0.390625 0.408203125
