0 0.30078125 0.90625 0.33984375 0.8671875 0.30078125 0.8671875 0.33984375 0.90625
0 0.138671875 0.1171875 0.177734375 0.078125 0.138671875 0.078125 0.177734375 0.1171875
0 0.193359375 0.873046875 0.232421875 0.833984375 0.193359375 0.833984375 0.232421875 0.873046875
0 0.564453125 0.869140625 0.603515625 0.830078125 0.564453125 0.830078125 0.603515625 0.869140625
0 0.55859375 0.82421875 0.59765625 0.78515625 0.55859375 0.78515625 0.59765625 0.82421875
0 0.064453125 0.50390625 0.103515625 0.46484375 0.064453125 0.46484375 0.103515625 0.50390625
0 0.216796875 0.9140625 0.255859375 0.875 0.216796875 0.875 0.255859375 0.9140625
0 0.41796875 0.697265625 0.45703125 0.658203125 0.41796875 0.658203125 0.45703125 0.697265625
0 0.65625 0.1953125 0.6953125 0.15625 0.65625 0.15625 0.6953125 0.1953125
0 0.271484375 0.15234375 0.310546875 0.11328125 0.271484375 0.11328125 0.310546875 0.15234375
0 0.08203125 0.82421875 0.12109375 0.78515625 0.08203125 0.78515625 0.12109375 0.82421875
0 0.55859375 0.267578125 0.59765625 0.228515625 0.55859375 0.228515625 0.59765625 0.267578125
0 0.666015625 0.83984375 0.705078125 0.80078125 0.666015625 0.80078125 0.705078125 0.83984375
0 0.28515625 0.728515625 0.32421875 0.689453125 0.28515625 0.689453125 0.32421875 0.728515625
