0 0.365234375 0.37890625 0.404296875 0.33984375 0.365234375 0.33984375 0.404296875 0.37890625
0 0.267578125 0.470703125 0.306640625 0.431640625 0.267578125 0.431640625 0.306640625 0.470703125
0 0.869140625 0.15625 0.908203125 0.1171875 0.869140625 0.1171875 0.908203125 0.15625
0 0.048828125 0.68359375 0.087890625 0.64453125 0.048828125 0.64453125 0.087890625 0.68359375
0 0.708984375 0.125 0.748046875 0.0859375 0.708984375 0.0859375 0.748046875 0.125
0 0.19921875 0.123046875 0.23828125 0.083984375 0.19921875 0.083984375 0.23828125 0.123046875
0 0.115234375 0.162109375 0.154296875 0.123046875 0.115234375 0.123046875 0.154296875 0.162109375
0 0.1015625 0.24609375 0.140625 0.20703125 0.1015625 0.20703125 0.140625 0.24609375
0 0.689453125 0.73828125 0.728515625 0.69921875 0.689453125 0.69921875 0.728515625 0.73828125
0 0.177734375 0.927734375 0.216796875 0.888671875 0.177734375 0.888671875 0.216796875 0.927734375
