0 0.625 0.85546875 0.6640625 0.81640625 0.625 0.81640625 0.6640625 0.85546875
0 0.29296875 0.31640625 0.33203125 0.27734375 0.29296875 0.27734375 0.33203125 0.31640625
0 0.1640625 0.46875 0.203125 0.4296875 0.1640625 0.4296875 0.203125 0.46875
0 0.52734375 0.4140625 0.56640625 0.375 0.52734375 0.375 0.56640625 0.4140625
0 0.712890625 0.626953125 0.751953125 0.587890625 0.712890625 0.587890625 0.751953125 0.626953125
0 0.115234375 0.814453125 0.154296875 0.775390625 0.115234375 0.775390625 0.154296875 0.814453125
0 0.103515625 0.5234375 0.142578125 0.484375 0.103515625 0.484375 0.142578125 0.5234375
0 0.55078125 0.0859375 0.58984375 0.046875 0.55078125 0.046875 0.58984375 0.0859375
0 0.123046875 0.30859375 0.162109375 0.26953125 0.123046875 0.26953125 0.162109375 0.30859375
0 0.576171875 0.916015625 0.615234375 0.876953125 0.576171875 0.876953125 0.615234375 0.916015625
0 0.875 0.548828125 0.9140625 0.509765625 0.875 0.509765625 0.9140625 0.548828125
0 0.07421875 0.8046875 0.11328125 0.765625 0.07421875 0.765625 0.11328125 0.8046875
