0 0.556640625 0.712890625 0.595703125 0.673828125 0.556640625 0.673828125 0.595703125 0.712890625
0 0.265625 0.76953125 0.3046875 0.73046875 0.265625 0.73046875 0.3046875 0.76953125
0 0.146484375 0.779296875 0.185546875 0.740234375 0.146484375 0.740234375 0.185546875 0.779296875
0 0.560546875 0.93359375 0.599609375 0.89453125 0.560546875 0.89453125 0.599609375 0.93359375
0 0.16796875 0.146484375 0.20703125 0.107421875 0.16796875 0.107421875 0.20703125 0.146484375
0 0.234375 0.48828125 0.2734375 0.44921875 0.234375 0.44921875 0.2734375 0.48828125
0 0.25390625 0.8515625 0.29296875 0.8125 0.25390625 0.8125 0.29296875 0.8515625
0 0.6015625 0.482421875 0.640625 0.443359375 0.6015625 0.443359375 0.640625 0.482421875
0 0.412109375 0.671875 0.451171875 0.6328125 0.412109375 0.6328125 0.451171875 0.671875
0 0.162109375 0.474609375 0.201171875 0.435546875 0.162109375 0.435546875 0.201171875 0.474609375
0 0.73046875 0.783203125 0.76953125 0.744140625 0.73046875 0.744140625 0.76953125 0.783203125
0 0.2578125 0.376953125 0.296875 0.337890625 0.2578125 0.337890625 0.296875 0.376953125
0 0.904296875 0.7734375 0.943359375 0.734375 0.904296875 0.734375 0.943359375 0.7734375
0 0.919921875 0.595703125 0.958984375 0.556640625 0.919921875 0.556640625 0.958984375 0.595703125
