0 0.1796875 0.466796875 0.21875 0.427734375 0.1796875 0.427734375 0.21875 0.466796875
0 0.447265625 0.37109375 0.486328125 0.33203125 0.447265625 0.33203125 0.486328125 0.37109375
0 0.509765625 0.82421875 0.548828125 0.78515625 0.509765625 0.78515625 0.548828125 0.82421875
0 0.064453125 0.73046875 0.103515625 0.69140625 0.064453125 0.69140625 0.103515625 0.73046875
0 0.201171875 0.275390625 0.240234375 0.236328125 0.201171875 0.236328125 0.240234375 0.275390625
0 0.478515625 0.7421875 0.517578125 0.703125 0.478515625 0.703125 0.517578125 0.7421875
0 0.884765625 0.443359375 0.923828125 0.404296875 0.884765625 0.404296875 0.923828125 0.443359375
0 0.4765625 0.576171875 0.515625 0.537109375 0.4765625 0.537109375 0.515625 0.576171875
0 0.744140625 0.52734375 0.783203125 0.48828125 0.744140625 0.48828125 0.783203125 0.52734375
0 0.181640625 0.453125 0.220703125 0.4140625 0.181640625 0.4140625 0.220703125 0.453125
0 0.822265625 0.361328125 0.861328125 0.322265625 0.822265625 0.322265625 0.861328125 0.361328125
