0 0.6796875 0.55859375 0.71875 0.51953125 0.6796875 0.51953125 0.71875 0.55859375
0 0.123046875 0.123046875 0.162109375 0.083984375 0.123046875 0.083984375 0.162109375 0.123046875
0 0.73828125 0.37109375 0.77734375 0.33203125 0.73828125 0.33203125 0.77734375 0.37109375
0 0.783203125 0.890625 0.822265625 0.8515625 0.783203125 0.8515625 0.822265625 0.890625
0 0.265625 0.927734375 0.3046875 0.888671875 0.265625 0.888671875 0.3046875 0.927734375
0 0.177734375 0.623046875 0.216796875 0.583984375 0.177734375 0.583984375 0.216796875 0.623046875
0 0.91015625 0.3515625 0.94921875 0.3125 0.91015625 0.3125 0.94921875 0.3515625
0 0.291015625 0.1796875 0.330078125 0.140625 0.291015625 0.140625 0.330078125 0.1796875
0 0.705078125 0.748046875 0.744140625 0.708984375 0.705078125 0.708984375 0.744140625 0.748046875
0 0.2734375 0.251953125 0.3125 0.212890625 0.2734375 0.212890625 0.3125 0.251953125
0 0.142578125 0.494140625 0.181640625 0.455078125 0.142578125 0.455078125 0.181640625 0.494140625
0 0.80078125 0.845703125 0.83984375 0.806640625 0.80078125 0.806640625 0.83984375 0.845703125
0 0.744140625 0.185546875 0.783203125 0.146484375 0.744140625 0.146484375 0.783203125 0.185546875
