0 0.53515625 0.5078125 0.57421875 0.46875 0.53515625 0.46875 0.57421875 0.5078125
0 0.923828125 0.806640625 0.962890625 0.767578125 0.923828125 0.767578125 0.962890625 0.806640625
0 0.2734375 0.751953125 0.3125 0.712890625 0.2734375 0.712890625 0.3125 0.751953125
0 0.33203125 0.890625 0.37109375 0.8515625 0.33203125 0.8515625 0.37109375 0.890625
0 0.376953125 0.748046875 0.416015625 0.708984375 0.376953125 0.708984375 0.416015625 0.748046875
0 0.16796875 0.63671875 0.20703125 0.59765625 0.16796875 0.59765625 0.20703125 0.63671875
0 0.515625 0.48828125 0.5546875 0.44921875 0.515625 0.44921875 0.5546875 0.48828125
0 0.35546875 0.28125 0.39453125 0.2421875 0.35546875 0.2421875 0.39453125 0.28125
0 0.814453125 0.642578125 0.853515625 0.603515625 0.814453125 0.603515625 0.853515625 0.642578125
0 0.05078125 0.416015625 0.08984375 0.376953125 0.05078125 0.376953125 0.08984375 0.416015625
0 0.62109375 0.810546875 0.66015625 0.771484375 0.62109375 0.771484375 0.66015625 0.810546875
0 0.765625 0.958984375 0.8046875 0.919921875 0.765625 0.919921875 0.8046875 0.958984375
0 0.05078125 0.78515625 0.08984375 0.74609375 0.05078125 0.74609375 0.08984375 0.78515625
