0 0.873046875 0.41015625 0.912109375 0.37109375 0.873046875 0.37109375 0.912109375 0.41015625
0 0.58984375 0.34375 0.62890625 0.3046875 0.58984375 0.3046875 0.62890625 0.34375
0 0.15625 0.30078125 0.1953125 0.26171875 0.15625 0.26171875 0.1953125 0.30078125
0 0.357421875 0.57421875 0.396484375 0.53515625 0.357421875 0.53515625 0.396484375 0.57421875
0 0.068359375 0.328125 0.107421875 0.2890625 0.068359375 0.2890625 0.107421875 0.328125
0 0.34765625 0.544921875 0.38671875 0.505859375 0.34765625 0.505859375 0.38671875 0.544921875
0 0.173828125 0.6796875 0.212890625 0.640625 0.173828125 0.640625 0.212890625 0.6796875
0 0.751953125 0.326171875 0.791015625 0.287109375 0.751953125 0.287109375 0.791015625 0.326171875
0 0.68359375 0.78125 0.72265625 0.7421875 0.68359375 0.7421875 0.72265625 0.78125
0 0.216796875 0.294921875 0.255859375 0.255859375 0.216796875 0.255859375 0.255859375 0.294921875
