0 0.693359375 0.966796875 0.732421875 0.927734375 0.693359375 0.927734375 0.732421875 0.966796875
0 0.64453125 0.5 0.68359375 0.4609375 0.64453125 0.4609375 0.68359375 0.5
0 0.251953125 0.384765625 0.291015625 0.345703125 0.251953125 0.345703125 0.291015625 0.384765625
0 0.818359375 0.63671875 0.857421875 0.59765625 0.818359375 0.59765625 0.857421875 0.63671875
0 0.14453125 0.5078125 0.18359375 0.46875 0.14453125 0.46875 0.18359375 0.5078125
0 0.796875 0.60546875 0.8359375 0.56640625 0.796875 0.56640625 0.8359375 0.60546875
0 0.4921875 0.955078125 0.53125 0.916015625 0.4921875 0.916015625 0.53125 0.955078125
0 0.2265625 0.8046875 0.265625 0.765625 0.2265625 0.765625 0.265625 0.8046875
0 0.72265625 0.197265625 0.76171875 0.158203125 0.72265625 0.158203125 0.76171875 0.197265625
0 0.763671875 0.556640625 0.802734375 0.517578125 0.763671875 0.517578125 0.802734375 0.556640625
