0 0.849609375 0.478515625 0.888671875 0.439453125 0.849609375 0.439453125 0.888671875 0.478515625
0 0.7109375 0.84375 0.75 0.8046875 0.7109375 0.8046875 0.75 0.84375
0 0.1328125 0.904296875 0.171875 0.865234375 0.1328125 0.865234375 0.171875 0.904296875
0 0.19140625 0.734375 0.23046875 0.6953125 0.19140625 0.6953125 0.23046875 0.734375
0 0.330078125 0.794921875 0.369140625 0.755859375 0.330078125 0.755859375 0.369140625 0.794921875
0 0.8515625 0.119140625 0.890625 0.080078125 0.8515625 0.080078125 0.890625 0.119140625
0 0.328125 0.80078125 0.3671875 0.76171875 0.328125 0.76171875 0.3671875 0.80078125
0 0.328125 0.564453125 0.3671875 0.525390625 0.328125 0.525390625 0.3671875 0.564453125
0 0.548828125 0.515625 0.587890625 0.4765625 0.548828125 0.4765625 0.587890625 0.515625
0 0.322265625 0.833984375 0.361328125 0.794921875 0.322265625 0.794921875 0.361328125 0.833984375
