0 0.060546875 0.3671875 0.099609375 0.328125 0.060546875 0.328125 0.099609375 0.3671875
0 0.904296875 0.328125 0.943359375 0.2890625 0.904296875 0.2890625 0.943359375 0.328125
0 0.150390625 0.54296875 0.189453125 0.50390625 0.150390625 0.50390625 0.189453125 0.54296875
0 0.697265625 0.15234375 0.736328125 0.11328125 0.697265625 0.11328125 0.736328125 0.15234375
0 0.078125 0.54296875 0.1171875 0.50390625 0.078125 0.50390625 0.1171875 0.54296875
0 0.470703125 0.443359375 0.509765625 0.404296875 0.470703125 0.404296875 0.509765625 0.443359375
0 0.666015625 0.275390625 0.705078125 0.236328125 0.666015625 0.236328125 0.705078125 0.275390625
0 0.197265625 0.08203125 0.236328125 0.04296875 0.197265625 0.04296875 0.236328125 0.08203125
0 0.34375 0.716796875 0.3828125 0.677734375 0.34375 0.677734375 0.3828125 0.716796875
0 0.21484375 0.28125 0.25390625 0.2421875 0.21484375 0.2421875 0.25390625 0.28125
0 0.416015625 0.72265625 0.455078125 0.68359375 0.416015625 0.68359375 0.455078125 0.72265625
0 0.734375 0.6015625 0.7734375 0.5625 0.734375 0.5625 0.7734375 0.6015625
0 0.431640625 0.41015625 0.470703125 0.37109375 0.431640625 0.37109375 0.470703125 0.41015625
