0 0.236328125 0.75 0.275390625 0.7109375 0.236328125 0.7109375 0.275390625 0.75
0 0.1796875 0.373046875 0.21875 0.333984375 0.1796875 0.333984375 0.21875 0.373046875
0 0.818359375 0.765625 0.857421875 0.7265625 0.818359375 0.7265625 0.857421875 0.765625
0 0.4140625 0.287109375 0.453125 0.248046875 0.4140625 0.248046875 0.453125 0.287109375
0 0.701171875 0.134765625 0.740234375 0.095703125 0.701171875 0.095703125 0.740234375 0.134765625
0 0.51171875 0.453125 0.55078125 0.4140625 0.51171875 0.4140625 0.55078125 0.453125
0 0.11328125 0.474609375 0.15234375 0.435546875 0.11328125 0.435546875 0.15234375 0.474609375
0 0.873046875 0.83984375 0.912109375 0.80078125 0.873046875 0.80078125 0.912109375 0.83984375
0 0.44140625 0.07421875 0.48046875 0.03515625 0.44140625 0.03515625 0.48046875 0.07421875
0 0.849609375 0.30078125 0.888671875 0.26171875 0.849609375 0.26171875 0.888671875 0.30078125
0 0.10546875 0.69140625 0.14453125 0.65234375 0.10546875 0.65234375 0.14453125 0.69140625
