0 0.5859375 0.8125 0.625 0.7734375 0.5859375 0.7734375 0.625 0.8125
0 0.822265625 0.3359375 0.861328125 0.296875 0.822265625 0.296875 0.861328125 0.3359375
0 0.087890625 0.74609375 0.126953125 0.70703125 0.087890625 0.70703125 0.126953125 0.74609375
0 0.873046875 0.8515625 0.912109375 0.8125 0.873046875 0.8125 0.912109375 0.8515625
0 0.3984375 0.830078125 0.4375 0.791015625 0.3984375 0.791015625 0.4375 0.830078125
0 0.03125 0.34765625 0.0703125 0.30859375 0.03125 0.30859375 0.0703125 0.34765625
0 0.919921875 0.099609375 0.958984375 0.060546875 0.919921875 0.060546875 0.958984375 0.099609375
0 0.15625 0.646484375 0.1953125 0.607421875 0.15625 0.607421875 0.1953125 0.646484375
0 0.888671875 0.49609375 0.927734375 0.45703125 0.888671875 0.45703125 0.927734375 0.49609375
0 0.25390625 0.615234375 0.29296875 0.576171875 0.25390625 0.576171875 0.29296875 0.615234375
