0 0.658203125 0.810546875 0.697265625 0.771484375 0.658203125 0.771484375 0.697265625 0.810546875
0 0.275390625 0.423828125 0.314453125 0.384765625 0.275390625 0.384765625 0.314453125 0.423828125
0 0.37890625 0.578125 0.41796875 0.5390625 0.37890625 0.5390625 0.41796875 0.578125
0 0.60546875 0.56640625 0.64453125 0.52734375 0.60546875 0.52734375 0.64453125 0.56640625
0 0.373046875 0.822265625 0.412109375 0.783203125 0.373046875 0.783203125 0.412109375 0.822265625
0 0.322265625 0.54296875 0.361328125 0.50390625 0.322265625 0.50390625 0.361328125 0.54296875
0 0.6875 0.279296875 0.7265625 0.240234375 0.6875 0.240234375 0.7265625 0.279296875
0 0.21875 0.59765625 0.2578125 0.55859375 0.21875 0.55859375 0.2578125 0.59765625
0 0.5703125 0.13671875 0.609375 0.09765625 0.5703125 0.09765625 0.609375 0.13671875
0 0.677734375 0.076171875 0.716796875 0.037109375 0.677734375 0.037109375 0.716796875 0.076171875
