0 0.466796875 0.712890625 0.505859375 0.673828125 0.466796875 0.673828125 0.505859375 0.712890625
0 0.09765625 0.18359375 0.13671875 0.14453125 0.09765625 0.14453125 0.13671875 0.18359375
0 0.064453125 0.84375 0.103515625 0.8046875 0.064453125 0.8046875 0.103515625 0.84375
0 0.626953125 0.5625 0.666015625 0.5234375 0.626953125 0.5234375 0.666015625 0.5625
0 0.734375 0.89453125 0.7734375 0.85546875 0.734375 0.85546875 0.7734375 0.89453125
0 0.212890625 0.783203125 0.251953125 0.744140625 0.212890625 0.744140625 0.251953125 0.783203125
0 0.16015625 0.263671875 0.19921875 0.224609375 0.16015625 0.224609375 0.19921875 0.263671875
0 0.716796875 0.5390625 0.755859375 0.5 0.716796875 0.5 0.755859375 0.5390625
0 0.662109375 0.349609375 0.701171875 0.310546875 0.662109375 0.310546875 0.701171875 0.349609375
0 0.529296875 0.94921875 0.568359375 0.91015625 0.529296875 0.91015625 0.568359375 0.94921875
