0 0.130859375 0.412109375 0.169921875 0.373046875 0.130859375 0.373046875 0.169921875 0.412109375
0 0.556640625 0.314453125 0.595703125 0.275390625 0.556640625 0.275390625 0.595703125 0.314453125
0 0.529296875 0.123046875 0.568359375 0.083984375 0.529296875 0.083984375 0.568359375 0.123046875
0 0.529296875 0.759765625 0.568359375 0.720703125 0.529296875 0.720703125 0.568359375 0.759765625
0 0.06640625 0.87890625 0.10546875 0.83984375 0.06640625 0.83984375 0.10546875 0.87890625
0 0.09765625 0.08984375 0.13671875 0.05078125 0.09765625 0.05078125 0.13671875 0.08984375
0 0.50390625 0.123046875 0.54296875 0.083984375 0.50390625 0.083984375 0.54296875 0.123046875
0 0.47265625 0.255859375 0.51171875 0.216796875 0.47265625 0.216796875 0.51171875 0.255859375
0 0.099609375 0.232421875 0.138671875 0.193359375 0.099609375 0.193359375 0.138671875 0.232421875
0 0.759765625 0.826171875 0.798828125 0.787109375 0.759765625 0.787109375 0.798828125 0.826171875
