0 0.208984375 0.806640625 0.248046875 0.767578125 0.208984375 0.767578125 0.248046875 0.806640625
0 0.44140625 0.5078125 0.48046875 0.46875 0.44140625 0.46875 0.48046875 0.5078125
0 0.166015625 0.28125 0.205078125 0.2421875 0.166015625 0.2421875 0.205078125 0.28125
0 0.439453125 0.412109375 0.478515625 0.373046875 0.439453125 0.373046875 0.478515625 0.412109375
0 0.873046875 0.33203125 0.912109375 0.29296875 0.873046875 0.29296875 0.912109375 0.33203125
0 0.35546875 0.62890625 0.39453125 0.58984375 0.35546875 0.58984375 0.39453125 0.62890625
0 0.41796875 0.1796875 0.45703125 0.140625 0.41796875 0.140625 0.45703125 0.1796875
0 0.87109375 0.087890625 0.91015625 0.048828125 0.87109375 0.048828125 0.91015625 0.087890625
0 0.326171875 0.265625 0.365234375 0.2265625 0.326171875 0.2265625 0.365234375 0.265625
0 0.314453125 0.16796875 0.353515625 0.12890625 0.314453125 0.12890625 0.353515625 0.16796875
0 0.52734375 0.455078125 0.56640625 0.416015625 0.52734375 0.416015625 0.56640625 0.455078125
