0 0.3984375 0.685546875 0.4375 0.646484375 0.3984375 0.646484375 0.4375 0.685546875
0 0.29296875 0.52734375 0.33203125 0.48828125 0.29296875 0.48828125 0.33203125 0.52734375
0 0.513671875 0.623046875 0.552734375 0.583984375 0.513671875 0.583984375 0.552734375 0.623046875
0 0.3203125 0.541015625 0.359375 0.501953125 0.3203125 0.501953125 0.359375 0.541015625
0 0.59375 0.763671875 0.6328125 0.724609375 0.59375 0.724609375 0.6328125 0.763671875
0 0.908203125 0.4609375 0.947265625 0.421875 0.908203125 0.421875 0.947265625 0.4609375
0 0.837890625 0.63671875 0.876953125 0.59765625 0.837890625 0.59765625 0.876953125 0.63671875
0 0.474609375 0.833984375 0.513671875 0.794921875 0.474609375 0.794921875 0.513671875 0.833984375
0 0.318359375 0.755859375 0.357421875 0.716796875 0.318359375 0.716796875 0.357421875 0.755859375
0 0.22265625 0.205078125 0.26171875 0.166015625 0.22265625 0.166015625 0.26171875 0.205078125
