0 0.2578125 0.072265625 0.296875 0.033203125 0.2578125 0.033203125 0.296875 0.072265625
0 0.42578125 0.51171875 0.46484375 0.47265625 0.42578125 0.47265625 0.46484375 0.51171875
0 0.11328125 0.771484375 0.15234375 0.732421875 0.11328125 0.732421875 0.15234375 0.771484375
0 0.283203125 0.7890625 0.322265625 0.75 0.283203125 0.75 0.322265625 0.7890625
0 0.064453125 0.755859375 0.103515625 0.716796875 0.064453125 0.716796875 0.103515625 0.755859375
0 0.10546875 0.236328125 0.14453125 0.197265625 0.10546875 0.197265625 0.14453125 0.236328125
0 0.310546875 0.291015625 0.349609375 0.251953125 0.310546875 0.251953125 0.349609375 0.291015625
0 0.091796875 0.548828125 0.130859375 0.509765625 0.091796875 0.509765625 0.130859375 0.548828125
0 0.44140625 0.708984375 0.48046875 0.669921875 0.44140625 0.669921875 0.48046875 0.708984375
0 0.916015625 0.666015625 0.955078125 0.626953125 0.916015625 0.626953125 0.955078125 0.666015625
0 0.421875 0.6875 0.4609375 0.6484375 0.421875 0.6484375 0.4609375 0.6875
0 0.607421875 0.140625 0.646484375 0.1015625 0.607421875 0.1015625 0.646484375 0.140625
0 0.423828125 0.759765625 0.462890625 0.720703125 0.423828125 0.720703125 0.462890625 0.759765625
0 0.845703125 0.22265625 0.884765625 0.18359375 0.845703125 0.18359375 0.884765625 0.22265625
