0 0.845703125 0.490234375 0.884765625 0.451171875 0.845703125 0.451171875 0.884765625 0.490234375
0 0.673828125 0.453125 0.712890625 0.4140625 0.673828125 0.4140625 0.712890625 0.453125
0 0.591796875 0.130859375 0.630859375 0.091796875 0.591796875 0.091796875 0.630859375 0.130859375
0 0.8359375 0.712890625 0.875 0.673828125 0.8359375 0.673828125 0.875 0.712890625
0 0.916015625 0.78125 0.955078125 0.7421875 0.916015625 0.7421875 0.955078125 0.78125
0 0.8984375 0.1171875 0.9375 0.078125 0.8984375 0.078125 0.9375 0.1171875
0 0.630859375 0.34765625 0.669921875 0.30859375 0.630859375 0.30859375 0.669921875 0.34765625
0 0.830078125 0.560546875 0.869140625 0.521484375 0.830078125 0.521484375 0.869140625 0.560546875
0 0.177734375 0.412109375 0.216796875 0.373046875 0.177734375 0.373046875 0.216796875 0.412109375
0 0.345703125 0.158203125 0.384765625 0.119140625 0.345703125 0.119140625 0.384765625 0.158203125
0 0.193359375 0.16796875 0.232421875 0.12890625 0.193359375 0.12890625 0.232421875 0.16796875
0 0.666015625 0.828125 0.705078125 0.7890625 0.666015625 0.7890625 0.705078125 0.828125
