0 0.185546875 0.677734375 0.224609375 0.638671875 0.185546875 0.638671875 0.224609375 0.677734375
0 0.517578125 0.359375 0.556640625 0.3203125 0.517578125 0.3203125 0.556640625 0.359375
0 0.810546875 0.787109375 0.849609375 0.748046875 0.810546875 0.748046875 0.849609375 0.787109375
0 0.65234375 0.57421875 0.69140625 0.53515625 0.65234375 0.53515625 0.69140625 0.57421875
0 0.7265625 0.34765625 0.765625 0.30859375 0.7265625 0.30859375 0.765625 0.34765625
0 0.462890625 0.47265625 0.501953125 0.43359375 0.462890625 0.43359375 0.501953125 0.47265625
0 0.298828125 0.90234375 0.337890625 0.86328125 0.298828125 0.86328125 0.337890625 0.90234375
0 0.8203125 0.658203125 0.859375 0.619140625 0.8203125 0.619140625 0.859375 0.658203125
0 0.828125 0.34375 0.8671875 0.3046875 0.828125 0.3046875 0.8671875 0.34375
0 0.12109375 0.083984375 0.16015625 0.044921875 0.12109375 0.044921875 0.16015625 0.083984375
0 0.603515625 0.193359375 0.642578125 0.154296875 0.603515625 0.154296875 0.642578125 0.193359375
0 0.689453125 0.71484375 0.728515625 0.67578125 0.689453125 0.67578125 0.728515625 0.71484375
0 0.703125 0.78125 0.7421875 0.7421875 0.703125 0.7421875 0.7421875 0.78125
