0 0.22265625 0.732421875 0.26171875 0.693359375 0.22265625 0.693359375 0.26171875 0.732421875
0 0.142578125 0.55078125 0.181640625 0.51171875 0.142578125 0.51171875 0.181640625 0.55078125
0 0.4296875 0.111328125 0.46875 0.072265625 0.4296875 0.072265625 0.46875 0.111328125
0 0.794921875 0.26171875 0.833984375 0.22265625 0.794921875 0.22265625 0.833984375 0.26171875
0 0.57421875 0.87890625 0.61328125 0.83984375 0.57421875 0.83984375 0.61328125 0.87890625
0 0.8046875 0.228515625 0.84375 0.189453125 0.8046875 0.189453125 0.84375 0.228515625
0 0.890625 0.1953125 0.9296875 0.15625 0.890625 0.15625 0.9296875 0.1953125
0 0.583984375 0.18359375 0.623046875 0.14453125 0.583984375 0.14453125 0.623046875 0.18359375
0 0.125 0.16796875 0.1640625 0.12890625 0.125 0.12890625 0.1640625 0.16796875
0 0.908203125 0.95703125 0.947265625 0.91796875 0.908203125 0.91796875 0.947265625 0.95703125
0 0.56640625 0.701171875 0.60546875 0.662109375 0.56640625 0.662109375 0.60546875 0.701171875
0 0.58203125 0.58203125 0.62109375 0.54296875 0.58203125 0.54296875 0.62109375 0.58203125
0 0.15234375 0.638671875 0.19140625 0.599609375 0.15234375 0.599609375 0.19140625 0.638671875
