0 0.697265625 0.15625 0.736328125 0.1171875 0.697265625 0.1171875 0.736328125 0.15625
0 0.044921875 0.666015625 0.083984375 0.626953125 0.044921875 0.626953125 0.083984375 0.666015625
0 0.53125 0.583984375 0.5703125 0.544921875 0.53125 0.544921875 0.5703125 0.583984375
0 0.505859375 0.3828125 0.544921875 0.34375 0.505859375 0.34375 0.544921875 0.3828125
0 0.13671875 0.4765625 0.17578125 0.4375 0.13671875 0.4375 0.17578125 0.4765625
0 0.67578125 0.90625 0.71484375 0.8671875 0.67578125 0.8671875 0.71484375 0.90625
0 0.66796875 0.693359375 0.70703125 0.654296875 0.66796875 0.654296875 0.70703125 0.693359375
0 0.220703125 0.54296875 0.259765625 0.50390625 0.220703125 0.50390625 0.259765625 0.54296875
0 0.408203125 0.400390625 0.447265625 0.361328125 0.408203125 0.361328125 0.447265625 0.400390625
0 0.1796875 0.95703125 0.21875 0.91796875 0.1796875 0.91796875 0.21875 0.95703125
0 0.458984375 0.31640625 0.498046875 0.27734375 0.458984375 0.27734375 0.498046875 0.31640625
0 0.681640625 0.96484375 0.720703125 0.92578125 0.681640625 0.92578125 0.720703125 0.96484375
0 0.302734375 0.8984375 0.341796875 0.859375 0.302734375 0.859375 0.341796875 0.8984375
0 0.322265625 0.771484375 0.361328125 0.732421875 0.322265625 0.732421875 0.361328125 0.771484375
