0 0.568359375 0.080078125 0.607421875 0.041015625 0.568359375 0.041015625 0.607421875 0.080078125
0 0.052734375 0.4296875 0.091796875 0.390625 0.052734375 0.390625 0.091796875 0.4296875
0 0.263671875 0.33984375 0.302734375 0.30078125 0.263671875 0.30078125 0.302734375 0.33984375
0 0.146484375 0.619140625 0.185546875 0.580078125 0.146484375 0.580078125 0.185546875 0.619140625
0 0.73046875 0.92578125 0.76953125 0.88671875 0.73046875 0.88671875 0.76953125 0.92578125
0 0.53125 0.154296875 0.5703125 0.115234375 0.53125 0.115234375 0.5703125 0.154296875
0 0.765625 0.7265625 0.8046875 0.6875 0.765625 0.6875 0.8046875 0.7265625
0 0.046875 0.099609375 0.0859375 0.060546875 0.046875 0.060546875 0.0859375 0.099609375
0 0.7109375 0.498046875 0.75 0.458984375 0.7109375 0.458984375 0.75 0.498046875
0 0.12890625 0.4375 0.16796875 0.3984375 0.12890625 0.3984375 0.16796875 0.4375
