0 0.076171875 0.412109375 0.115234375 0.373046875 0.076171875 0.373046875 0.115234375 0.412109375
0 0.591796875 0.798828125 0.630859375 0.759765625 0.591796875 0.759765625 0.630859375 0.798828125
0 0.890625 0.32421875 0.9296875 0.28515625 0.890625 0.28515625 0.9296875 0.32421875
0 0.822265625 0.09765625 0.861328125 0.05859375 0.822265625 0.05859375 0.861328125 0.09765625
0 0.751953125 0.072265625 0.791015625 0.033203125 0.751953125 0.033203125 0.791015625 0.072265625
0 0.181640625 0.09765625 0.220703125 0.05859375 0.181640625 0.05859375 0.220703125 0.09765625
0 0.037109375 0.359375 0.076171875 0.3203125 0.037109375 0.3203125 0.076171875 0.359375
0 0.818359375 0.123046875 0.857421875 0.083984375 0.818359375 0.083984375 0.857421875 0.123046875
0 0.880859375 0.54296875 0.919921875 0.50390625 0.880859375 0.50390625 0.919921875 0.54296875
0 0.83203125 0.501953125 0.87109375 0.462890625 0.83203125 0.462890625 0.87109375 0.501953125
0 0.265625 0.21484375 0.3046875 0.17578125 0.265625 0.17578125 0.3046875 0.21484375
