0 0.154296875 0.38671875 0.193359375 0.34765625 0.154296875 0.34765625 0.193359375 0.38671875
0 0.736328125 0.15234375 0.775390625 0.11328125 0.736328125 0.11328125 0.775390625 0.15234375
0 0.482421875 0.287109375 0.521484375 0.248046875 0.482421875 0.248046875 0.521484375 0.287109375
0 0.771484375 0.958984375 0.810546875 0.919921875 0.771484375 0.919921875 0.810546875 0.958984375
0 0.232421875 0.71875 0.271484375 0.6796875 0.232421875 0.6796875 0.271484375 0.71875
0 0.6328125 0.7265625 0.671875 0.6875 0.6328125 0.6875 0.671875 0.7265625
0 0.58984375 0.69921875 0.62890625 0.66015625 0.58984375 0.66015625 0.62890625 0.69921875
0 0.583984375 0.91015625 0.623046875 0.87109375 0.583984375 0.87109375 0.623046875 0.91015625
0 0.759765625 0.1328125 0.798828125 0.09375 0.759765625 0.09375 0.798828125 0.1328125
0 0.443359375 0.109375 0.482421875 0.0703125 0.443359375 0.0703125 0.482421875 0.109375
0 0.20703125 0.4765625 0.24609375 0.4375 0.20703125 0.4375 0.24609375 0.4765625
0 0.439453125 0.337890625 0.478515625 0.298828125 0.439453125 0.298828125 0.478515625 0.337890625
0 0.6875 0.80078125 0.7265625 0.76171875 0.6875 0.76171875 0.7265625 0.80078125
0 0.9140625 0.90234375 0.953125 0.86328125 0.9140625 0.86328125 0.953125 0.90234375
