0 0.857421875 0.171875 0.896484375 0.1328125 0.857421875 0.1328125 0.896484375 0.171875
0 0.91015625 0.9296875 0.94921875 0.890625 0.91015625 0.890625 0.94921875 0.9296875
0 0.236328125 0.26953125 0.275390625 0.23046875 0.236328125 0.23046875 0.275390625 0.26953125
0 0.765625 0.294921875 0.8046875 0.255859375 0.765625 0.255859375 0.8046875 0.294921875
0 0.25 0.390625 0.2890625 0.3515625 0.25 0.3515625 0.2890625 0.390625
0 0.4453125 0.140625 0.484375 0.1015625 0.4453125 0.1015625 0.484375 0.140625
0 0.640625 0.62109375 0.6796875 0.58203125 0.640625 0.58203125 0.6796875 0.62109375
0 0.828125 0.583984375 0.8671875 0.544921875 0.828125 0.544921875 0.8671875 0.583984375
0 0.49609375 0.673828125 0.53515625 0.634765625 0.49609375 0.634765625 0.53515625 0.673828125
0 0.208984375 0.263671875 0.248046875 0.224609375 0.208984375 0.224609375 0.248046875 0.263671875
