0 0.564453125 0.59765625 0.603515625 0.55859375 0.564453125 0.55859375 0.603515625 0.59765625
0 0.140625 0.0703125 0.1796875 0.03125 0.140625 0.03125 0.1796875 0.0703125
0 0.609375 0.912109375 0.6484375 0.873046875 0.609375 0.873046875 0.6484375 0.912109375
0 0.505859375 0.11328125 0.544921875 0.07421875 0.505859375 0.07421875 0.544921875 0.11328125
0 0.77734375 0.1015625 0.81640625 0.0625 0.77734375 0.0625 0.81640625 0.1015625
0 0.38671875 0.724609375 0.42578125 0.685546875 0.38671875 0.685546875 0.42578125 0.724609375
0 0.9140625 0.78125 0.953125 0.7421875 0.9140625 0.7421875 0.953125 0.78125
0 0.89453125 0.91015625 0.93359375 0.87109375 0.89453125 0.87109375 0.93359375 0.91015625
0 0.04296875 0.443359375 0.08203125 0.404296875 0.04296875 0.404296875 0.08203125 0.443359375
0 0.689453125 0.75390625 0.728515625 0.71484375 0.689453125 0.71484375 0.728515625 0.75390625
0 0.6328125 0.12890625 0.671875 0.08984375 0.6328125 0.08984375 0.671875 0.12890625
