0 0.10546875 0.2265625 0.14453125 0.1875 0.10546875 0.1875 0.14453125 0.2265625
0 0.08203125 0.669921875 0.12109375 0.630859375 0.08203125 0.630859375 0.12109375 0.669921875
0 0.361328125 0.6171875 0.400390625 0.578125 0.361328125 0.578125 0.400390625 0.6171875
0 0.076171875 0.625 0.115234375 0.5859375 0.076171875 0.5859375 0.115234375 0.625
0 0.90234375 0.1484375 0.94140625 0.109375 0.90234375 0.109375 0.94140625 0.1484375
0 0.5859375 0.669921875 0.625 0.630859375 0.5859375 0.630859375 0.625 0.669921875
0 0.908203125 0.46875 0.947265625 0.4296875 0.908203125 0.4296875 0.947265625 0.46875
0 0.486328125 0.142578125 0.525390625 0.103515625 0.486328125 0.103515625 0.525390625 0.142578125
0 0.83984375 0.453125 0.87890625 0.4140625 0.83984375 0.4140625 0.87890625 0.453125
0 0.435546875 0.28125 0.474609375 0.2421875 0.435546875 0.2421875 0.474609375 0.28125
0 0.669921875 0.8125 0.708984375 0.7734375 0.669921875 0.7734375 0.708984375 0.8125
