0 0.287109375 0.27734375 0.326171875 0.23828125 0.287109375 0.23828125 0.326171875 0.27734375
0 0.517578125 0.09765625 0.556640625 0.05859375 0.517578125 0.05859375 0.556640625 0.09765625
0 0.15234375 0.46484375 0.19140625 0.42578125 0.15234375 0.42578125 0.19140625 0.46484375
0 0.201171875 0.279296875 0.240234375 0.240234375 0.201171875 0.240234375 0.240234375 0.279296875
0 0.328125 0.955078125 0.3671875 0.916015625 0.328125 0.916015625 0.3671875 0.955078125
0 0.400390625 0.2265625 0.439453125 0.1875 0.400390625 0.1875 0.439453125 0.2265625
0 0.56640625 0.693359375 0.60546875 0.654296875 0.56640625 0.654296875 0.60546875 0.693359375
0 0.919921875 0.630859375 0.958984375 0.591796875 0.919921875 0.591796875 0.958984375 0.630859375
0 0.302734375 0.640625 0.341796875 0.6015625 0.302734375 0.6015625 0.341796875 0.640625
0 0.060546875 0.431640625 0.099609375 0.392578125 0.060546875 0.392578125 0.099609375 0.431640625
0 0.080078125 0.486328125 0.119140625 0.447265625 0.080078125 0.447265625 0.119140625 0.486328125
0 0.353515625 0.265625 0.392578125 0.2265625 0.353515625 0.2265625 0.392578125 0.265625
0 0.3984375 0.12109375 0.4375 0.08203125 0.3984375 0.08203125 0.4375 0.12109375
0 0.912109375 0.072265625 0.951171875 0.033203125 0.912109375 0.033203125 0.951171875 0.072265625
