0 0.62890625 0.255859375 0.66796875 0.216796875 0.62890625 0.216796875 0.66796875 0.255859375
0 0.099609375 0.607421875 0.138671875 0.568359375 0.099609375 0.568359375 0.138671875 0.607421875
0 0.353515625 0.56640625 0.392578125 0.52734375 0.353515625 0.52734375 0.392578125 0.56640625
0 0.763671875 0.537109375 0.802734375 0.498046875 0.763671875 0.498046875 0.802734375 0.537109375
0 0.861328125 0.1484375 0.900390625 0.109375 0.861328125 0.109375 0.900390625 0.1484375
0 0.42578125 0.95703125 0.46484375 0.91796875 0.42578125 0.91796875 0.46484375 0.95703125
0 0.708984375 0.294921875 0.748046875 0.255859375 0.708984375 0.255859375 0.748046875 0.294921875
0 0.25390625 0.80859375 0.29296875 0.76953125 0.25390625 0.76953125 0.29296875 0.80859375
0 0.53125 0.21484375 0.5703125 0.17578125 0.53125 0.17578125 0.5703125 0.21484375
0 0.884765625 0.9375 0.923828125 0.8984375 0.884765625 0.8984375 0.923828125 0.9375
0 0.13671875 0.5703125 0.17578125 0.53125 0.13671875 0.53125 0.17578125 0.5703125
0 0.41015625 0.515625 0.44921875 0.4765625 0.41015625 0.4765625 0.44921875 0.515625
