0 0.181640625 0.11328125 0.220703125 0.07421875 0.181640625 0.07421875 0.220703125 0.11328125
0 0.10546875 0.853515625 0.14453125 0.814453125 0.10546875 0.814453125 0.14453125 0.853515625
0 0.611328125 0.677734375 0.650390625 0.638671875 0.611328125 0.638671875 0.650390625 0.677734375
0 0.466796875 0.734375 0.505859375 0.6953125 0.466796875 0.6953125 0.505859375 0.734375
0 0.65625 0.263671875 0.6953125 0.224609375 0.65625 0.224609375 0.6953125 0.263671875
0 0.12109375 0.416015625 0.16015625 0.376953125 0.12109375 0.376953125 0.16015625 0.416015625
0 0.3515625 0.482421875 0.390625 0.443359375 0.3515625 0.443359375 0.390625 0.482421875
0 0.1796875 0.318359375 0.21875 0.279296875 0.1796875 0.279296875 0.21875 0.318359375
0 0.8203125 0.0703125 0.859375 0.03125 0.8203125 0.03125 0.859375 0.0703125
0 0.369140625 0.568359375 0.408203125 0.529296875 0.369140625 0.529296875 0.408203125 0.568359375
0 0.544921875 0.3828125 0.583984375 0.34375 0.544921875 0.34375 0.583984375 0.3828125
0 0.751953125 0.7421875 0.791015625 0.703125 0.751953125 0.703125 0.791015625 0.7421875
