0 0.65234375 0.400390625 0.69140625 0.361328125 0.65234375 0.361328125 0.69140625 0.400390625
0 0.515625 0.939453125 0.5546875 0.900390625 0.515625 0.900390625 0.5546875 0.939453125
0 0.087890625 0.72265625 0.126953125 0.68359375 0.087890625 0.68359375 0.126953125 0.72265625
0 0.74609375 0.85546875 0.78515625 0.81640625 0.74609375 0.81640625 0.78515625 0.85546875
0 0.623046875 0.822265625 0.662109375 0.783203125 0.623046875 0.783203125 0.662109375 0.822265625
0 0.845703125 0.615234375 0.884765625 0.576171875 0.845703125 0.576171875 0.884765625 0.615234375
0 0.16796875 0.931640625 0.20703125 0.892578125 0.16796875 0.892578125 0.20703125 0.931640625
0 0.873046875 0.591796875 0.912109375 0.552734375 0.873046875 0.552734375 0.912109375 0.591796875
0 0.533203125 0.767578125 0.572265625 0.728515625 0.533203125 0.728515625 0.572265625 0.767578125
0 0.212890625 0.4296875 0.251953125 0.390625 0.212890625 0.390625 0.251953125 0.4296875
0 0.408203125 0.33984375 0.447265625 0.30078125 0.408203125 0.30078125 0.447265625 0.33984375
0 0.69921875 0.572265625 0.73828125 0.533203125 0.69921875 0.533203125 0.73828125 0.572265625
