0 0.751953125 0.435546875 0.791015625 0.396484375 0.751953125 0.396484375 0.791015625 0.435546875
0 0.72265625 0.7578125 0.76171875 0.71875 0.72265625 0.71875 0.76171875 0.7578125
0 0.044921875 0.666015625 0.083984375 0.626953125 0.044921875 0.626953125 0.083984375 0.666015625
0 0.22265625 0.3828125 0.26171875 0.34375 0.22265625 0.34375 0.26171875 0.3828125
0 0.90234375 0.28515625 0.94140625 0.24609375 0.90234375 0.24609375 0.94140625 0.28515625
0 0.908203125 0.072265625 0.947265625 0.033203125 0.908203125 0.033203125 0.947265625 0.072265625
0 0.880859375 0.11328125 0.919921875 0.07421875 0.880859375 0.07421875 0.919921875 0.11328125
0 0.080078125 0.779296875 0.119140625 0.740234375 0.080078125 0.740234375 0.119140625 0.779296875
0 0.392578125 0.19921875 0.431640625 0.16015625 0.392578125 0.16015625 0.431640625 0.19921875
0 0.109375 0.646484375 0.1484375 0.607421875 0.109375 0.607421875 0.1484375 0.646484375
0 0.6796875 0.716796875 0.71875 0.677734375 0.6796875 0.677734375 0.71875 0.716796875
0 0.482421875 0.306640625 0.521484375 0.267578125 0.482421875 0.267578125 0.521484375 0.306640625
0 0.408203125 0.595703125 0.447265625 0.556640625 0.408203125 0.556640625 0.447265625 0.595703125
0 0.21484375 0.78125 0.25390625 0.7421875 0.21484375 0.7421875 0.25390625 0.78125
