0 0.484375 0.408203125 0.5234375 0.369140625 0.484375 0.369140625 0.5234375 0.408203125
0 0.62109375 0.8515625 0.66015625 0.8125 0.62109375 0.8125 0.66015625 0.8515625
0 0.15625 0.31640625 0.1953125 0.27734375 0.15625 0.27734375 0.1953125 0.31640625
0 0.333984375 0.126953125 0.373046875 0.087890625 0.333984375 0.087890625 0.373046875 0.126953125
0 0.064453125 0.162109375 0.103515625 0.123046875 0.064453125 0.123046875 0.103515625 0.162109375
0 0.857421875 0.767578125 0.896484375 0.728515625 0.857421875 0.728515625 0.896484375 0.767578125
0 0.46484375 0.578125 0.50390625 0.5390625 0.46484375 0.5390625 0.50390625 0.578125
0 0.853515625 0.12890625 0.892578125 0.08984375 0.853515625 0.08984375 0.892578125 0.12890625
0 0.677734375 0.384765625 0.716796875 0.345703125 0.677734375 0.345703125 0.716796875 0.384765625
0 0.3125 0.541015625 0.3515625 0.501953125 0.3125 0.501953125 0.3515625 0.541015625
0 0.072265625 0.259765625 0.111328125 0.220703125 0.072265625 0.220703125 0.111328125 0.259765625
0 0.14453125 0.3671875 0.18359375 0.328125 0.14453125 0.328125 0.18359375 0.3671875
