0 0.15625 0.41796875 0.1953125 0.37890625 0.15625 0.37890625 0.1953125 0.41796875
0 0.591796875 0.568359375 0.630859375 0.529296875 0.591796875 0.529296875 0.630859375 0.568359375
0 0.044921875 0.771484375 0.083984375 0.732421875 0.044921875 0.732421875 0.083984375 0.771484375
0 0.564453125 0.08203125 0.603515625 0.04296875 0.564453125 0.04296875 0.603515625 0.08203125
0 0.60546875 0.697265625 0.64453125 0.658203125 0.60546875 0.658203125 0.64453125 0.697265625
0 0.248046875 0.15625 0.287109375 0.1171875 0.248046875 0.1171875 0.287109375 0.15625
0 0.220703125 0.615234375 0.259765625 0.576171875 0.220703125 0.576171875 0.259765625 0.615234375
0 0.220703125 0.330078125 0.259765625 0.291015625 0.220703125 0.291015625 0.259765625 0.330078125
0 0.48046875 0.716796875 0.51953125 0.677734375 0.48046875 0.677734375 0.51953125 0.716796875
0 0.70703125 0.076171875 0.74609375 0.037109375 0.70703125 0.037109375 0.74609375 0.076171875
0 0.4296875 0.6015625 0.46875 0.5625 0.4296875 0.5625 0.46875 0.6015625
0 0.525390625 0.29296875 0.564453125 0.25390625 0.525390625 0.25390625 0.564453125 0.29296875
0 0.310546875 0.255859375 0.349609375 0.216796875 0.310546875 0.216796875 0.349609375 0.255859375
0 0.556640625 0.185546875 0.595703125 0.146484375 0.556640625 0.146484375 0.595703125 0.185546875
