0 0.8515625 0.130859375 0.890625 0.091796875 0.8515625 0.091796875 0.890625 0.130859375
0 0.6796875 0.853515625 0.71875 0.814453125 0.6796875 0.814453125 0.71875 0.853515625
0 0.216796875 0.736328125 0.255859375 0.697265625 0.216796875 0.697265625 0.255859375 0.736328125
0 0.13671875 0.849609375 0.17578125 0.810546875 0.13671875 0.810546875 0.17578125 0.849609375
0 0.404296875 0.5546875 0.443359375 0.515625 0.404296875 0.515625 0.443359375 0.5546875
0 0.86328125 0.51953125 0.90234375 0.48046875 0.86328125 0.48046875 0.90234375 0.51953125
0 0.291015625 0.9453125 0.330078125 0.90625 0.291015625 0.90625 0.330078125 0.9453125
0 0.134765625 0.119140625 0.173828125 0.080078125 0.134765625 0.080078125 0.173828125 0.119140625
0 0.853515625 0.83203125 0.892578125 0.79296875 0.853515625 0.79296875 0.892578125 0.83203125
0 0.572265625 0.78125 0.611328125 0.7421875 0.572265625 0.7421875 0.611328125 0.78125
0 0.244140625 0.853515625 0.283203125 0.814453125 0.244140625 0.814453125 0.283203125 0.853515625
