0 0.283203125 0.734375 0.322265625 0.6953125 0.283203125 0.6953125 0.322265625 0.734375
0 0.1484375 0.142578125 0.1875 0.103515625 0.1484375 0.103515625 0.1875 0.142578125
0 0.7578125 0.185546875 0.796875 0.146484375 0.7578125 0.146484375 0.796875 0.185546875
0 0.158203125 0.89453125 0.197265625 0.85546875 0.158203125 0.85546875 0.197265625 0.89453125
0 0.076171875 0.11328125 0.115234375 0.07421875 0.076171875 0.07421875 0.115234375 0.11328125
0 0.517578125 0.681640625 0.556640625 0.642578125 0.517578125 0.642578125 0.556640625 0.681640625
0 0.40625 0.21484375 0.4453125 0.17578125 0.40625 0.17578125 0.4453125 0.21484375
0 0.294921875 0.736328125 0.333984375 0.697265625 0.294921875 0.697265625 0.333984375 0.736328125
0 0.072265625 0.505859375 0.111328125 0.466796875 0.072265625 0.466796875 0.111328125 0.505859375
0 0.275390625 0.74609375 0.314453125 0.70703125 0.275390625 0.70703125 0.314453125 0.74609375
0 0.033203125 0.568359375 0.072265625 0.529296875 0.033203125 0.529296875 0.072265625 0.568359375
0 0.6015625 0.599609375 0.640625 0.560546875 0.6015625 0.560546875 0.640625 0.599609375
0 0.25390625 0.5859375 0.29296875 0.546875 0.25390625 0.546875 0.29296875 0.5859375
