0 0.240234375 0.1484375 0.279296875 0.109375 0.240234375 0.109375 0.279296875 0.1484375
0 0.748046875 0.13671875 0.787109375 0.09765625 0.748046875 0.09765625 0.787109375 0.13671875
0 0.240234375 0.123046875 0.279296875 0.083984375 0.240234375 0.083984375 0.279296875 0.123046875
0 0.083984375 0.513671875 0.123046875 0.474609375 0.083984375 0.474609375 0.123046875 0.513671875
0 0.30078125 0.845703125 0.33984375 0.806640625 0.30078125 0.806640625 0.33984375 0.845703125
0 0.470703125 0.73046875 0.509765625 0.69140625 0.470703125 0.69140625 0.509765625 0.73046875
0 0.658203125 0.208984375 0.697265625 0.169921875 0.658203125 0.169921875 0.697265625 0.208984375
0 0.072265625 0.505859375 0.111328125 0.466796875 0.072265625 0.466796875 0.111328125 0.505859375
0 0.74609375 0.837890625 0.78515625 0.798828125 0.74609375 0.798828125 0.78515625 0.837890625
0 0.412109375 0.1015625 0.451171875 0.0625 0.412109375 0.0625 0.451171875 0.1015625
0 0.1171875 0.2734375 0.15625 0.234375 0.1171875 0.234375 0.15625 0.2734375
0 0.455078125 0.48046875 0.494140625 0.44140625 0.455078125 0.44140625 0.494140625 0.48046875
