0 0.83984375 0.759765625 0.87890625 0.720703125 0.83984375 0.720703125 0.87890625 0.759765625
0 0.716796875 0.22265625 0.755859375 0.18359375 0.716796875 0.18359375 0.755859375 0.22265625
0 0.78515625 0.46484375 0.82421875 0.42578125 0.78515625 0.42578125 0.82421875 0.46484375
0 0.88671875 0.55859375 0.92578125 0.51953125 0.88671875 0.51953125 0.92578125 0.55859375
0 0.3125 0.306640625 0.3515625 0.267578125 0.3125 0.267578125 0.3515625 0.306640625
0 0.146484375 0.650390625 0.185546875 0.611328125 0.146484375 0.611328125 0.185546875 0.650390625
0 0.6328125 0.23828125 0.671875 0.19921875 0.6328125 0.19921875 0.671875 0.23828125
0 0.734375 0.421875 0.7734375 0.3828125 0.734375 0.3828125 0.7734375 0.421875
0 0.353515625 0.30078125 0.392578125 0.26171875 0.353515625 0.26171875 0.392578125 0.30078125
0 0.8984375 0.353515625 0.9375 0.314453125 0.8984375 0.314453125 0.9375 0.353515625
0 0.0390625 0.47265625 0.078125 0.43359375 0.0390625 0.43359375 0.078125 0.47265625
0 0.498046875 0.36328125 0.537109375 0.32421875 0.498046875 0.32421875 0.537109375 0.36328125
