0 0.03125 0.650390625 0.0703125 0.611328125 0.03125 0.611328125 0.0703125 0.650390625
0 0.181640625 0.376953125 0.220703125 0.337890625 0.181640625 0.337890625 0.220703125 0.376953125
0 0.53125 0.453125 0.5703125 0.4140625 0.53125 0.4140625 0.5703125 0.453125
0 0.58984375 0.232421875 0.62890625 0.193359375 0.58984375 0.193359375 0.62890625 0.232421875
0 0.69921875 0.78515625 0.73828125 0.74609375 0.69921875 0.74609375 0.73828125 0.78515625
0 0.755859375 0.525390625 0.794921875 0.486328125 0.755859375 0.486328125 0.794921875 0.525390625
0 0.44140625 0.619140625 0.48046875 0.580078125 0.44140625 0.580078125 0.48046875 0.619140625
0 0.083984375 0.23046875 0.123046875 0.19140625 0.083984375 0.19140625 0.123046875 0.23046875
0 0.185546875 0.794921875 0.224609375 0.755859375 0.185546875 0.755859375 0.224609375 0.794921875
0 0.5703125 0.681640625 0.609375 0.642578125 0.5703125 0.642578125 0.609375 0.681640625
