0 0.26171875 0.17578125 0.30078125 0.13671875 0.26171875 0.13671875 0.30078125 0.17578125
0 0.173828125 0.32421875 0.212890625 0.28515625 0.173828125 0.28515625 0.212890625 0.32421875
0 0.34375 0.865234375 0.3828125 0.826171875 0.34375 0.826171875 0.3828125 0.865234375
0 0.8203125 0.837890625 0.859375 0.798828125 0.8203125 0.798828125 0.859375 0.837890625
0 0.109375 0.099609375 0.1484375 0.060546875 0.109375 0.060546875 0.1484375 0.099609375
0 0.046875 0.96484375 0.0859375 0.92578125 0.046875 0.92578125 0.0859375 0.96484375
0 0.125 0.109375 0.1640625 0.0703125 0.125 0.0703125 0.1640625 0.109375
0 0.326171875 0.951171875 0.365234375 0.912109375 0.326171875 0.912109375 0.365234375 0.951171875
0 0.818359375 0.314453125 0.857421875 0.275390625 0.818359375 0.275390625 0.857421875 0.314453125
0 0.205078125 0.25390625 0.244140625 0.21484375 0.205078125 0.21484375 0.244140625 0.25390625
0 0.376953125 0.6484375 0.416015625 0.609375 0.376953125 0.609375 0.416015625 0.6484375
0 0.0625 0.23828125 0.1015625 0.19921875 0.0625 0.19921875 0.1015625 0.23828125
0 0.66015625 0.83984375 0.69921875 0.80078125 0.66015625 0.80078125 0.69921875 0.83984375
0 0.033203125 0.2578125 0.072265625 0.21875 0.033203125 0.21875 0.072265625 0.2578125
