0 0.27734375 0.169921875 0.31640625 0.130859375 0.27734375 0.130859375 0.31640625 0.169921875
0 0.478515625 0.912109375 0.517578125 0.873046875 0.478515625 0.873046875 0.517578125 0.912109375
0 0.080078125 0.203125 0.119140625 0.1640625 0.080078125 0.1640625 0.119140625 0.203125
0 0.66796875 0.6640625 0.70703125 0.625 0.66796875 0.625 0.70703125 0.6640625
0 0.609375 0.099609375 0.6484375 0.060546875 0.609375 0.060546875 0.6484375 0.099609375
0 0.142578125 0.23828125 0.181640625 0.19921875 0.142578125 0.19921875 0.181640625 0.23828125
0 0.228515625 0.123046875 0.267578125 0.083984375 0.228515625 0.083984375 0.267578125 0.123046875
0 0.162109375 0.4140625 0.201171875 0.375 0.162109375 0.375 0.201171875 0.4140625
0 0.771484375 0.74609375 0.810546875 0.70703125 0.771484375 0.70703125 0.810546875 0.74609375
0 0.560546875 0.53125 0.599609375 0.4921875 0.560546875 0.4921875 0.599609375 0.53125
0 0.26953125 0.66796875 0.30859375 0.62890625 0.26953125 0.62890625 0.30859375 0.66796875
0 0.314453125 0.552734375 0.353515625 0.513671875 0.314453125 0.513671875 0.353515625 0.552734375
0 0.29296875 0.83984375 0.33203125 0.80078125 0.29296875 0.80078125 0.33203125 0.83984375
