0 0.056640625 0.802734375 0.095703125 0.763671875 0.056640625 0.763671875 0.095703125 0.802734375
0 0.515625 0.306640625 0.5546875 0.267578125 0.515625 0.267578125 0.5546875 0.306640625
0 0.6015625 0.30859375 0.640625 0.26953125 0.6015625 0.26953125 0.640625 0.30859375
0 0.857421875 0.947265625 0.896484375 0.908203125 0.857421875 0.908203125 0.896484375 0.947265625
0 0.548828125 0.1015625 0.587890625 0.0625 0.548828125 0.0625 0.587890625 0.1015625
0 0.0859375 0.185546875 0.125 0.146484375 0.0859375 0.146484375 0.125 0.185546875
0 0.5390625 0.3046875 0.578125 0.265625 0.5390625 0.265625 0.578125 0.3046875
0 0.072265625 0.21875 0.111328125 0.1796875 0.072265625 0.1796875 0.111328125 0.21875
0 0.703125 0.890625 0.7421875 0.8515625 0.703125 0.8515625 0.7421875 0.890625
0 0.90625 0.916015625 0.9453125 0.876953125 0.90625 0.876953125 0.9453125 0.916015625
0 0.673828125 0.369140625 0.712890625 0.330078125 0.673828125 0.330078125 0.712890625 0.369140625
0 0.04296875 0.2890625 0.08203125 0.25 0.04296875 0.25 0.08203125 0.2890625
0 0.68359375 0.390625 0.72265625 0.3515625 0.68359375 0.3515625 0.72265625 0.390625
0 0.08984375 0.697265625 0.12890625 0.658203125 0.08984375 0.658203125 0.12890625 0.697265625
