0 0.68359375 0.35546875 0.72265625 0.31640625 0.68359375 0.31640625 0.72265625 0.35546875
0 0.85546875 0.70703125 0.89453125 0.66796875 0.85546875 0.66796875 0.89453125 0.70703125
0 0.42578125 0.111328125 0.46484375 0.072265625 0.42578125 0.072265625 0.46484375 0.111328125
0 0.787109375 0.7578125 0.826171875 0.71875 0.787109375 0.71875 0.826171875 0.7578125
0 0.1328125 0.517578125 0.171875 0.478515625 0.1328125 0.478515625 0.171875 0.517578125
0 0.62890625 0.408203125 0.66796875 0.369140625 0.62890625 0.369140625 0.66796875 0.408203125
0 0.60546875 0.130859375 0.64453125 0.091796875 0.60546875 0.091796875 0.64453125 0.130859375
0 0.29296875 0.732421875 0.33203125 0.693359375 0.29296875 0.693359375 0.33203125 0.732421875
0 0.5546875 0.44921875 0.59375 0.41015625 0.5546875 0.41015625 0.59375 0.44921875
0 0.572265625 0.07421875 0.611328125 0.03515625 0.572265625 0.03515625 0.611328125 0.07421875
