0 0.666015625 0.689453125 0.705078125 0.650390625 0.666015625 0.650390625 0.705078125 0.689453125
0 0.615234375 0.3359375 0.654296875 0.296875 0.615234375 0.296875 0.654296875 0.3359375
0 0.232421875 0.62109375 0.271484375 0.58203125 0.232421875 0.58203125 0.271484375 0.62109375
0 0.349609375 0.333984375 0.388671875 0.294921875 0.349609375 0.294921875 0.388671875 0.333984375
0 0.787109375 0.17578125 0.826171875 0.13671875 0.787109375 0.13671875 0.826171875 0.17578125
0 0.435546875 0.48046875 0.474609375 0.44140625 0.435546875 0.44140625 0.474609375 0.48046875
0 0.494140625 0.763671875 0.533203125 0.724609375 0.494140625 0.724609375 0.533203125 0.763671875
0 0.30078125 0.17578125 0.33984375 0.13671875 0.30078125 0.13671875 0.33984375 0.17578125
0 0.126953125 0.365234375 0.166015625 0.326171875 0.126953125 0.326171875 0.166015625 0.365234375
0 0.669921875 0.515625 0.708984375 0.4765625 0.669921875 0.4765625 0.708984375 0.515625
0 0.673828125 0.6328125 0.712890625 0.59375 0.673828125 0.59375 0.712890625 0.6328125
0 0.3359375 0.34765625 0.375 0.30859375 0.3359375 0.30859375 0.375 0.34765625
0 0.294921875 0.099609375 0.333984375 0.060546875 0.294921875 0.060546875 0.333984375 0.099609375
0 0.611328125 0.166015625 0.650390625 0.126953125 0.611328125 0.126953125 0.650390625 0.166015625
