0 0.0859375 0.958984375 0.125 0.919921875 0.0859375 0.919921875 0.125 0.958984375
0 0.455078125 0.57421875 0.494140625 0.53515625 0.455078125 0.53515625 0.494140625 0.57421875
0 0.861328125 0.26171875 0.900390625 0.22265625 0.861328125 0.22265625 0.900390625 0.26171875
0 0.7109375 0.248046875 0.75 0.208984375 0.7109375 0.208984375 0.75 0.248046875
0 0.072265625 0.822265625 0.111328125 0.783203125 0.072265625 0.783203125 0.111328125 0.822265625
0 0.8203125 0.48828125 0.859375 0.44921875 0.8203125 0.44921875 0.859375 0.48828125
0 0.400390625 0.2890625 0.439453125 0.25 0.400390625 0.25 0.439453125 0.2890625
0 0.5234375 0.4765625 0.5625 0.4375 0.5234375 0.4375 0.5625 0.4765625
0 0.423828125 0.337890625 0.462890625 0.298828125 0.423828125 0.298828125 0.462890625 0.337890625
0 0.03515625 0.62109375 0.07421875 0.58203125 0.03515625 0.58203125 0.07421875 0.62109375
0 0.236328125 0.072265625 0.275390625 0.033203125 0.236328125 0.033203125 0.275390625 0.072265625
