0 0.126953125 0.40625 0.166015625 0.3671875 0.126953125 0.3671875 0.166015625 0.40625
0 0.140625 0.564453125 0.1796875 0.525390625 0.140625 0.525390625 0.1796875 0.564453125
0 0.701171875 0.83984375 0.740234375 0.80078125 0.701171875 0.80078125 0.740234375 0.83984375
0 0.73828125 0.14453125 0.77734375 0.10546875 0.73828125 0.10546875 0.77734375 0.14453125
0 0.8828125 0.75390625 0.921875 0.71484375 0.8828125 0.71484375 0.921875 0.75390625
0 0.26953125 0.896484375 0.30859375 0.857421875 0.26953125 0.857421875 0.30859375 0.896484375
0 0.37890625 0.4609375 0.41796875 0.421875 0.37890625 0.421875 0.41796875 0.4609375
0 0.130859375 0.599609375 0.169921875 0.560546875 0.130859375 0.560546875 0.169921875 0.599609375
0 0.125 0.4609375 0.1640625 0.421875 0.125 0.421875 0.1640625 0.4609375
0 0.58984375 0.923828125 0.62890625 0.884765625 0.58984375 0.884765625 0.62890625 0.923828125
0 0.46875 0.767578125 0.5078125 0.728515625 0.46875 0.728515625 0.5078125 0.767578125
0 0.787109375 0.341796875 0.826171875 0.302734375 0.787109375 0.302734375 0.826171875 0.341796875
0 0.3984375 0.6953125 0.4375 0.65625 0.3984375 0.65625 0.4375 0.6953125
