0 0.552734375 0.39453125 0.591796875 0.35546875 0.552734375 0.35546875 0.591796875 0.39453125
0 0.22265625 0.7109375 0.26171875 0.671875 0.22265625 0.671875 0.26171875 0.7109375
0 0.08203125 0.79296875 0.12109375 0.75390625 0.08203125 0.75390625 0.12109375 0.79296875
0 0.60546875 0.666015625 0.64453125 0.626953125 0.60546875 0.626953125 0.64453125 0.666015625
0 0.423828125 0.7890625 0.462890625 0.75 0.423828125 0.75 0.462890625 0.7890625
0 0.455078125 0.962890625 0.494140625 0.923828125 0.455078125 0.923828125 0.494140625 0.962890625
0 0.828125 0.42578125 0.8671875 0.38671875 0.828125 0.38671875 0.8671875 0.42578125
0 0.162109375 0.6015625 0.201171875 0.5625 0.162109375 0.5625 0.201171875 0.6015625
0 0.7421875 0.072265625 0.78125 0.033203125 0.7421875 0.033203125 0.78125 0.072265625
0 0.357421875 0.658203125 0.396484375 0.619140625 0.357421875 0.619140625 0.396484375 0.658203125
0 0.765625 0.693359375 0.8046875 0.654296875 0.765625 0.654296875 0.8046875 0.693359375
0 0.888671875 0.279296875 0.927734375 0.240234375 0.888671875 0.240234375 0.927734375 0.279296875
