0 0.400390625 0.8828125 0.439453125 0.84375 0.400390625 0.84375 0.439453125 0.8828125
0 0.767578125 0.56640625 0.806640625 0.52734375 0.767578125 0.52734375 0.806640625 0.56640625
0 0.64453125 0.419921875 0.68359375 0.380859375 0.64453125 0.380859375 0.68359375 0.419921875
0 0.302734375 0.5234375 0.341796875 0.484375 0.302734375 0.484375 0.341796875 0.5234375
0 0.896484375 0.263671875 0.935546875 0.224609375 0.896484375 0.224609375 0.935546875 0.263671875
0 0.39453125 0.453125 0.43359375 0.4140625 0.39453125 0.4140625 0.43359375 0.453125
0 0.287109375 0.154296875 0.326171875 0.115234375 0.287109375 0.115234375 0.326171875 0.154296875
0 0.42578125 0.76171875 0.46484375 0.72265625 0.42578125 0.72265625 0.46484375 0.76171875
0 0.80078125 0.66015625 0.83984375 0.62109375 0.80078125 0.62109375 0.83984375 0.66015625
0 0.625 0.703125 0.6640625 0.6640625 0.625 0.6640625 0.6640625 0.703125
0 0.080078125 0.669921875 0.119140625 0.630859375 0.080078125 0.630859375 0.119140625 0.669921875
0 0.39453125 0.52734375 0.43359375 0.48828125 0.39453125 0.48828125 0.43359375 0.52734375
