0 0.060546875 0.865234375 0.099609375 0.826171875 0.060546875 0.826171875 0.099609375 0.865234375
0 0.099609375 0.857421875 0.138671875 0.818359375 0.099609375 0.818359375 0.138671875 0.857421875
0 0.337890625 0.79296875 0.376953125 0.75390625 0.337890625 0.75390625 0.376953125 0.79296875
0 0.4453125 0.37109375 0.484375 0.33203125 0.4453125 0.33203125 0.484375 0.37109375
0 0.689453125 0.701171875 0.728515625 0.662109375 0.689453125 0.662109375 0.728515625 0.701171875
0 0.54296875 0.703125 0.58203125 0.6640625 0.54296875 0.6640625 0.58203125 0.703125
0 0.47265625 0.693359375 0.51171875 0.654296875 0.47265625 0.654296875 0.51171875 0.693359375
0 0.501953125 0.66796875 0.541015625 0.62890625 0.501953125 0.62890625 0.541015625 0.66796875
0 0.49609375 0.658203125 0.53515625 0.619140625 0.49609375 0.619140625 0.53515625 0.658203125
0 0.103515625 0.439453125 0.142578125 0.400390625 0.103515625 0.400390625 0.142578125 0.439453125
