0 0.5625 0.896484375 0.6015625 0.857421875 0.5625 0.857421875 0.6015625 0.896484375
0 0.861328125 0.802734375 0.900390625 0.763671875 0.861328125 0.763671875 0.900390625 0.802734375
0 0.22265625 0.296875 0.26171875 0.2578125 0.22265625 0.2578125 0.26171875 0.296875
0 0.76953125 0.44921875 0.80859375 0.41015625 0.76953125 0.41015625 0.80859375 0.44921875
0 0.671875 0.375 0.7109375 0.3359375 0.671875 0.3359375 0.7109375 0.375
0 0.880859375 0.6484375 0.919921875 0.609375 0.880859375 0.609375 0.919921875 0.6484375
0 0.060546875 0.400390625 0.099609375 0.361328125 0.060546875 0.361328125 0.099609375 0.400390625
0 0.87890625 0.552734375 0.91796875 0.513671875 0.87890625 0.513671875 0.91796875 0.552734375
0 0.298828125 0.40234375 0.337890625 0.36328125 0.298828125 0.36328125 0.337890625 0.40234375
0 0.67578125 0.744140625 0.71484375 0.705078125 0.67578125 0.705078125 0.71484375 0.744140625
0 0.681640625 0.935546875 0.720703125 0.896484375 0.681640625 0.896484375 0.720703125 0.935546875
