0 0.146484375 0.8359375 0.185546875 0.796875 0.146484375 0.796875 0.185546875 0.8359375
0 0.361328125 0.94921875 0.400390625 0.91015625 0.361328125 0.91015625 0.400390625 0.94921875
0 0.630859375 0.201171875 0.669921875 0.162109375 0.630859375 0.162109375 0.669921875 0.201171875
0 0.15625 0.65234375 0.1953125 0.61328125 0.15625 0.61328125 0.1953125 0.65234375
0 0.849609375 0.373046875 0.888671875 0.333984375 0.849609375 0.333984375 0.888671875 0.373046875
0 0.458984375 0.72265625 0.498046875 0.68359375 0.458984375 0.68359375 0.498046875 0.72265625
0 0.43359375 0.6796875 0.47265625 0.640625 0.43359375 0.640625 0.47265625 0.6796875
0 0.740234375 0.625 0.779296875 0.5859375 0.740234375 0.5859375 0.779296875 0.625
0 0.060546875 0.89453125 0.099609375 0.85546875 0.060546875 0.85546875 0.099609375 0.89453125
0 0.255859375 0.27734375 0.294921875 0.23828125 0.255859375 0.23828125 0.294921875 0.27734375
0 0.6640625 0.912109375 0.703125 0.873046875 0.6640625 0.873046875 0.703125 0.912109375
0 0.544921875 0.318359375 0.583984375 0.279296875 0.544921875 0.279296875 0.583984375 0.318359375
0 0.9140625 0.1796875 0.953125 0.140625 0.9140625 0.140625 0.953125 0.1796875
0 0.265625 0.3125 0.3046875 0.2734375 0.265625 0.2734375 0.3046875 0.3125
