0 0.587890625 0.068359375 0.626953125 0.029296875 0.587890625 0.029296875 0.626953125 0.068359375
0 0.587890625 0.93359375 0.626953125 0.89453125 0.587890625 0.89453125 0.626953125 0.93359375
0 0.478515625 0.1796875 0.517578125 0.140625 0.478515625 0.140625 0.517578125 0.1796875
0 0.888671875 0.58984375 0.927734375 0.55078125 0.888671875 0.55078125 0.927734375 0.58984375
0 0.27734375 0.36328125 0.31640625 0.32421875 0.27734375 0.32421875 0.31640625 0.36328125
0 0.74609375 0.267578125 0.78515625 0.228515625 0.74609375 0.228515625 0.78515625 0.267578125
0 0.134765625 0.6640625 0.173828125 0.625 0.134765625 0.625 0.173828125 0.6640625
0 0.083984375 0.728515625 0.123046875 0.689453125 0.083984375 0.689453125 0.123046875 0.728515625
0 0.521484375 0.15234375 0.560546875 0.11328125 0.521484375 0.11328125 0.560546875 0.15234375
0 0.45703125 0.185546875 0.49609375 0.146484375 0.45703125 0.146484375 0.49609375 0.185546875
0 0.037109375 0.51953125 0.076171875 0.48046875 0.037109375 0.48046875 0.076171875 0.51953125
