0 0.89453125 0.54296875 0.93359375 0.50390625 0.89453125 0.50390625 0.93359375 0.54296875
0 0.7578125 0.72265625 0.796875 0.68359375 0.7578125 0.68359375 0.796875 0.72265625
0 0.658203125 0.861328125 0.697265625 0.822265625 0.658203125 0.822265625 0.697265625 0.861328125
0 0.3828125 0.755859375 0.421875 0.716796875 0.3828125 0.716796875 0.421875 0.755859375
0 0.376953125 0.771484375 0.416015625 0.732421875 0.376953125 0.732421875 0.416015625 0.771484375
0 0.9140625 0.642578125 0.953125 0.603515625 0.9140625 0.603515625 0.953125 0.642578125
0 0.19921875 0.06640625 0.23828125 0.02734375 0.19921875 0.02734375 0.23828125 0.06640625
0 0.42578125 0.23046875 0.46484375 0.19140625 0.42578125 0.19140625 0.46484375 0.23046875
0 0.736328125 0.193359375 0.775390625 0.154296875 0.736328125 0.154296875 0.775390625 0.193359375
0 0.23046875 0.9453125 0.26953125 0.90625 0.23046875 0.90625 0.26953125 0.9453125
0 0.77734375 0.66015625 0.81640625 0.62109375 0.77734375 0.62109375 0.81640625 0.66015625
