0 0.59375 0.11328125 0.6328125 0.07421875 0.59375 0.07421875 0.6328125 0.11328125
0 0.798828125 0.78515625 0.837890625 0.74609375 0.798828125 0.74609375 0.837890625 0.78515625
0 0.52734375 0.203125 0.56640625 0.1640625 0.52734375 0.1640625 0.56640625 0.203125
0 0.515625 0.939453125 0.5546875 0.900390625 0.515625 0.900390625 0.5546875 0.939453125
0 0.2421875 0.69140625 0.28125 0.65234375 0.2421875 0.65234375 0.28125 0.69140625
0 0.294921875 0.810546875 0.333984375 0.771484375 0.294921875 0.771484375 0.333984375 0.810546875
0 0.72265625 0.24609375 0.76171875 0.20703125 0.72265625 0.20703125 0.76171875 0.24609375
0 0.1953125 0.37890625 0.234375 0.33984375 0.1953125 0.33984375 0.234375 0.37890625
0 0.71875 0.076171875 0.7578125 0.037109375 0.71875 0.037109375 0.7578125 0.076171875
0 0.341796875 0.515625 0.380859375 0.4765625 0.341796875 0.4765625 0.380859375 0.515625
