0 0.76953125 0.44140625 0.80859375 0.40234375 0.76953125 0.40234375 0.80859375 0.44140625
0 0.109375 0.666015625 0.1484375 0.626953125 0.109375 0.626953125 0.1484375 0.666015625
0 0.720703125 0.5703125 0.759765625 0.53125 0.720703125 0.53125 0.759765625 0.5703125
0 0.0859375 0.470703125 0.125 0.431640625 0.0859375 0.431640625 0.125 0.470703125
0 0.76953125 0.357421875 0.80859375 0.318359375 0.76953125 0.318359375 0.80859375 0.357421875
0 0.330078125 0.138671875 0.369140625 0.099609375 0.330078125 0.099609375 0.369140625 0.138671875
0 0.908203125 0.181640625 0.947265625 0.142578125 0.908203125 0.142578125 0.947265625 0.181640625
0 0.56640625 0.2890625 0.60546875 0.25 0.56640625 0.25 0.60546875 0.2890625
0 0.216796875 0.12109375 0.255859375 0.08203125 0.216796875 0.08203125 0.255859375 0.12109375
0 0.744140625 0.626953125 0.783203125 0.587890625 0.744140625 0.587890625 0.783203125 0.626953125
0 0.79296875 0.412109375 0.83203125 0.373046875 0.79296875 0.373046875 0.83203125 0.412109375
0 0.451171875 0.388671875 0.490234375 0.349609375 0.451171875 0.349609375 0.490234375 0.388671875
0 0.458984375 0.90625 0.498046875 0.8671875 0.458984375 0.8671875 0.498046875 0.90625
0 0.287109375 0.09765625 0.326171875 0.05859375 0.287109375 0.05859375 0.326171875 0.09765625
