0 0.333984375 0.81640625 0.373046875 0.77734375 0.333984375 0.77734375 0.373046875 0.81640625
0 0.88671875 0.08203125 0.92578125 0.04296875 0.88671875 0.04296875 0.92578125 0.08203125
0 0.7109375 0.326171875 0.75 0.287109375 0.7109375 0.287109375 0.75 0.326171875
0 0.45703125 0.140625 0.49609375 0.1015625 0.45703125 0.1015625 0.49609375 0.140625
0 0.669921875 0.900390625 0.708984375 0.861328125 0.669921875 0.861328125 0.708984375 0.900390625
0 0.2578125 0.330078125 0.296875 0.291015625 0.2578125 0.291015625 0.296875 0.330078125
0 0.23046875 0.45703125 0.26953125 0.41796875 0.23046875 0.41796875 0.26953125 0.45703125
0 0.23046875 0.935546875 0.26953125 0.896484375 0.23046875 0.896484375 0.26953125 0.935546875
0 0.12890625 0.908203125 0.16796875 0.869140625 0.12890625 0.869140625 0.16796875 0.908203125
0 0.828125 0.3125 0.8671875 0.2734375 0.828125 0.2734375 0.8671875 0.3125
0 0.072265625 0.75 0.111328125 0.7109375 0.072265625 0.7109375 0.111328125 0.75
0 0.640625 0.169921875 0.6796875 0.130859375 0.640625 0.130859375 0.6796875 0.169921875
