0 0.173828125 0.912109375 0.212890625 0.873046875 0.173828125 0.873046875 0.212890625 0.912109375
0 0.662109375 0.611328125 0.701171875 0.572265625 0.662109375 0.572265625 0.701171875 0.611328125
0 0.4140625 0.77734375 0.453125 0.73828125 0.4140625 0.73828125 0.453125 0.77734375
0 0.498046875 0.578125 0.537109375 0.5390625 0.498046875 0.5390625 0.537109375 0.578125
0 0.78125 0.216796875 0.8203125 0.177734375 0.78125 0.177734375 0.8203125 0.216796875
0 0.044921875 0.716796875 0.083984375 0.677734375 0.044921875 0.677734375 0.083984375 0.716796875
0 0.033203125 0.375 0.072265625 0.3359375 0.033203125 0.3359375 0.072265625 0.375
0 0.568359375 0.91796875 0.607421875 0.87890625 0.568359375 0.87890625 0.607421875 0.91796875
0 0.376953125 0.431640625 0.416015625 0.392578125 0.376953125 0.392578125 0.416015625 0.431640625
0 0.759765625 0.583984375 0.798828125 0.544921875 0.759765625 0.544921875 0.798828125 0.583984375
0 0.375 0.54296875 0.4140625 0.50390625 0.375 0.50390625 0.4140625 0.54296875
