0 0.20703125 0.130859375 0.24609375 0.091796875 0.20703125 0.091796875 0.24609375 0.130859375
0 0.923828125 0.3359375 0.962890625 0.296875 0.923828125 0.296875 0.962890625 0.3359375
0 0.51171875 0.4765625 0.55078125 0.4375 0.51171875 0.4375 0.55078125 0.4765625
0 0.294921875 0.541015625 0.333984375 0.501953125 0.294921875 0.501953125 0.333984375 0.541015625
0 0.10546875 0.419921875 0.14453125 0.380859375 0.10546875 0.380859375 0.14453125 0.419921875
0 0.599609375 0.541015625 0.638671875 0.501953125 0.599609375 0.501953125 0.638671875 0.541015625
0 0.04296875 0.248046875 0.08203125 0.208984375 0.04296875 0.208984375 0.08203125 0.248046875
0 0.30078125 0.802734375 0.33984375 0.763671875 0.30078125 0.763671875 0.33984375 0.802734375
0 0.728515625 0.73046875 0.767578125 0.69140625 0.728515625 0.69140625 0.767578125 0.73046875
0 0.51953125 0.1640625 0.55859375 0.125 0.51953125 0.125 0.55859375 0.1640625
0 0.12890625 0.4140625 0.16796875 0.375 0.12890625 0.375 0.16796875 0.4140625
