0 0.1953125 0.59765625 0.234375 0.55859375 0.1953125 0.55859375 0.234375 0.59765625
0 0.923828125 0.359375 0.962890625 0.3203125 0.923828125 0.3203125 0.962890625 0.359375
0 0.890625 0.91796875 0.9296875 0.87890625 0.890625 0.87890625 0.9296875 0.91796875
0 0.302734375 0.30078125 0.341796875 0.26171875 0.302734375 0.26171875 0.341796875 0.30078125
0 0.203125 0.9609375 0.2421875 0.921875 0.203125 0.921875 0.2421875 0.9609375
0 0.568359375 0.81640625 0.607421875 0.77734375 0.568359375 0.77734375 0.607421875 0.81640625
0 0.1015625 0.193359375 0.140625 0.154296875 0.1015625 0.154296875 0.140625 0.193359375
0 0.775390625 0.205078125 0.814453125 0.166015625 0.775390625 0.166015625 0.814453125 0.205078125
0 0.76953125 0.2734375 0.80859375 0.234375 0.76953125 0.234375 0.80859375 0.2734375
0 0.30078125 0.5078125 0.33984375 0.46875 0.30078125 0.46875 0.33984375 0.5078125
0 0.517578125 0.7265625 0.556640625 0.6875 0.517578125 0.6875 0.556640625 0.7265625
0 0.666015625 0.201171875 0.705078125 0.162109375 0.666015625 0.162109375 0.705078125 0.201171875
0 0.443359375 0.0703125 0.482421875 0.03125 0.443359375 0.03125 0.482421875 0.0703125
0 0.265625 0.279296875 0.3046875 0.240234375 0.265625 0.240234375 0.3046875 0.279296875
