0 0.572265625 0.94140625 0.611328125 0.90234375 0.572265625 0.90234375 0.611328125 0.94140625
0 0.421875 0.869140625 0.4609375 0.830078125 0.421875 0.830078125 0.4609375 0.869140625
0 0.46484375 0.896484375 0.50390625 0.857421875 0.46484375 0.857421875 0.50390625 0.896484375
0 0.125 0.310546875 0.1640625 0.271484375 0.125 0.271484375 0.1640625 0.310546875
0 0.21484375 0.689453125 0.25390625 0.650390625 0.21484375 0.650390625 0.25390625 0.689453125
0 0.583984375 0.501953125 0.623046875 0.462890625 0.583984375 0.462890625 0.623046875 0.501953125
0 0.177734375 0.517578125 0.216796875 0.478515625 0.177734375 0.478515625 0.216796875 0.517578125
0 0.66796875 0.166015625 0.70703125 0.126953125 0.66796875 0.126953125 0.70703125 0.166015625
0 0.130859375 0.7421875 0.169921875 0.703125 0.130859375 0.703125 0.169921875 0.7421875
0 0.6953125 0.298828125 0.734375 0.259765625 0.6953125 0.259765625 0.734375 0.298828125
