0 0.6875 0.482421875 0.7265625 0.443359375 0.6875 0.443359375 0.7265625 0.482421875
0 0.671875 0.16015625 0.7109375 0.12109375 0.671875 0.12109375 0.7109375 0.16015625
0 0.560546875 0.369140625 0.599609375 0.330078125 0.560546875 0.330078125 0.599609375 0.369140625
0 0.080078125 0.73046875 0.119140625 0.69140625 0.080078125 0.69140625 0.119140625 0.73046875
0 0.25 0.146484375 0.2890625 0.107421875 0.25 0.107421875 0.2890625 0.146484375
0 0.2890625 0.572265625 0.328125 0.533203125 0.2890625 0.533203125 0.328125 0.572265625
0 0.609375 0.23828125 0.6484375 0.19921875 0.609375 0.19921875 0.6484375 0.23828125
0 0.517578125 0.71484375 0.556640625 0.67578125 0.517578125 0.67578125 0.556640625 0.71484375
0 0.501953125 0.173828125 0.541015625 0.134765625 0.501953125 0.134765625 0.541015625 0.173828125
0 0.3203125 0.732421875 0.359375 0.693359375 0.3203125 0.693359375 0.359375 0.732421875
0 0.322265625 0.341796875 0.361328125 0.302734375 0.322265625 0.302734375 0.361328125 0.341796875
0 0.759765625 0.560546875 0.798828125 0.521484375 0.759765625 0.521484375 0.798828125 0.560546875
0 0.294921875 0.6796875 0.333984375 0.640625 0.294921875 0.640625 0.333984375 0.6796875
0 0.19921875 0.537109375 0.23828125 0.498046875 0.19921875 0.498046875 0.23828125 0.537109375
