0 0.310546875 0.306640625 0.349609375 0.267578125 0.310546875 0.267578125 0.349609375 0.306640625
0 0.08203125 0.091796875 0.12109375 0.052734375 0.08203125 0.052734375 0.12109375 0.091796875
0 0.58984375 0.791015625 0.62890625 0.751953125 0.58984375 0.751953125 0.62890625 0.791015625
0 0.5078125 0.484375 0.546875 0.4453125 0.5078125 0.4453125 0.546875 0.484375
0 0.033203125 0.537109375 0.072265625 0.498046875 0.033203125 0.498046875 0.072265625 0.537109375
0 0.185546875 0.447265625 0.224609375 0.408203125 0.185546875 0.408203125 0.224609375 0.447265625
0 0.2578125 0.828125 0.296875 0.7890625 0.2578125 0.7890625 0.296875 0.828125
0 0.744140625 0.47265625 0.783203125 0.43359375 0.744140625 0.43359375 0.783203125 0.47265625
0 0.48828125 0.396484375 0.52734375 0.357421875 0.48828125 0.357421875 0.52734375 0.396484375
0 0.033203125 0.236328125 0.072265625 0.197265625 0.033203125 0.197265625 0.072265625 0.236328125
0 0.759765625 0.38671875 0.798828125 0.34765625 0.759765625 0.34765625 0.798828125 0.38671875
0 0.69140625 0.90234375 0.73046875 0.86328125 0.69140625 0.86328125 0.73046875 0.90234375
0 0.546875 0.625 0.5859375 0.5859375 0.546875 0.5859375 0.5859375 0.625
