0 0.095703125 0.18359375 0.134765625 0.14453125 0.095703125 0.14453125 0.134765625 0.18359375
0 0.0390625 0.783203125 0.078125 0.744140625 0.0390625 0.744140625 0.078125 0.783203125
0 0.802734375 0.794921875 0.841796875 0.755859375 0.802734375 0.755859375 0.841796875 0.794921875
0 0.443359375 0.080078125 0.482421875 0.041015625 0.443359375 0.041015625 0.482421875 0.080078125
0 0.642578125 0.95703125 0.681640625 0.91796875 0.642578125 0.91796875 0.681640625 0.95703125
0 0.38671875 0.529296875 0.42578125 0.490234375 0.38671875 0.490234375 0.42578125 0.529296875
0 0.646484375 0.693359375 0.685546875 0.654296875 0.646484375 0.654296875 0.685546875 0.693359375
0 0.30078125 0.373046875 0.33984375 0.333984375 0.30078125 0.333984375 0.33984375 0.373046875
0 0.470703125 0.314453125 0.509765625 0.275390625 0.470703125 0.275390625 0.509765625 0.314453125
0 0.53515625 0.8671875 0.57421875 0.828125 0.53515625 0.828125 0.57421875 0.8671875
0 0.33984375 0.75 0.37890625 0.7109375 0.33984375 0.7109375 0.37890625 0.75
0 0.76171875 0.962890625 0.80078125 0.923828125 0.76171875 0.923828125 0.80078125 0.962890625
