0 0.392578125 0.359375 0.431640625 0.3203125 0.392578125 0.3203125 0.431640625 0.359375
0 0.349609375 0.220703125 0.388671875 0.181640625 0.349609375 0.181640625 0.388671875 0.220703125
0 0.8203125 0.427734375 0.859375 0.388671875 0.8203125 0.388671875 0.859375 0.427734375
0 0.521484375 0.4921875 0.560546875 0.453125 0.521484375 0.453125 0.560546875 0.4921875
0 0.41015625 0.16796875 0.44921875 0.12890625 0.41015625 0.12890625 0.44921875 0.16796875
0 0.916015625 0.16015625 0.955078125 0.12109375 0.916015625 0.12109375 0.955078125 0.16015625
0 0.373046875 0.37890625 0.412109375 0.33984375 0.373046875 0.33984375 0.412109375 0.37890625
0 0.46484375 0.876953125 0.50390625 0.837890625 0.46484375 0.837890625 0.50390625 0.876953125
0 0.697265625 0.7109375 0.736328125 0.671875 0.697265625 0.671875 0.736328125 0.7109375
0 0.345703125 0.3828125 0.384765625 0.34375 0.345703125 0.34375 0.384765625 0.3828125
0 0.078125 0.595703125 0.1171875 0.556640625 0.078125 0.556640625 0.1171875 0.595703125
0 0.400390625 0.31640625 0.439453125 0.27734375 0.400390625 0.27734375 0.439453125 0.31640625
