0 0.03515625 0.453125 0.07421875 0.4140625 0.03515625 0.4140625 0.07421875 0.453125
0 0.1015625 0.65625 0.140625 0.6171875 0.1015625 0.6171875 0.140625 0.65625
0 0.154296875 0.28515625 0.193359375 0.24609375 0.154296875 0.24609375 0.193359375 0.28515625
0 0.140625 0.962890625 0.1796875 0.923828125 0.140625 0.923828125 0.1796875 0.962890625
0 0.255859375 0.578125 0.294921875 0.5390625 0.255859375 0.5390625 0.294921875 0.578125
0 0.0703125 0.923828125 0.109375 0.884765625 0.0703125 0.884765625 0.109375 0.923828125
0 0.904296875 0.556640625 0.943359375 0.517578125 0.904296875 0.517578125 0.943359375 0.556640625
0 0.51171875 0.37890625 0.55078125 0.33984375 0.51171875 0.33984375 0.55078125 0.37890625
0 0.50390625 0.076171875 0.54296875 0.037109375 0.50390625 0.037109375 0.54296875 0.076171875
0 0.15625 0.1328125 0.1953125 0.09375 0.15625 0.09375 0.1953125 0.1328125
0 0.279296875 0.208984375 0.318359375 0.169921875 0.279296875 0.169921875 0.318359375 0.208984375
