0 0.259765625 0.53125 0.298828125 0.4921875 0.259765625 0.4921875 0.298828125 0.53125
0 0.03125 0.2734375 0.0703125 0.234375 0.03125 0.234375 0.0703125 0.2734375
0 0.78125 0.50390625 0.8203125 0.46484375 0.78125 0.46484375 0.8203125 0.50390625
0 0.546875 0.26171875 0.5859375 0.22265625 0.546875 0.22265625 0.5859375 0.26171875
0 0.791015625 0.44140625 0.830078125 0.40234375 0.791015625 0.40234375 0.830078125 0.44140625
0 0.2109375 0.1953125 0.25 0.15625 0.2109375 0.15625 0.25 0.1953125
0 0.79296875 0.783203125 0.83203125 0.744140625 0.79296875 0.744140625 0.83203125 0.783203125
0 0.720703125 0.1171875 0.759765625 0.078125 0.720703125 0.078125 0.759765625 0.1171875
0 0.35546875 0.455078125 0.39453125 0.416015625 0.35546875 0.416015625 0.39453125 0.455078125
0 0.912109375 0.1484375 0.951171875 0.109375 0.912109375 0.109375 0.951171875 0.1484375
