0 0.603515625 0.72265625 0.642578125 0.68359375 0.603515625 0.68359375 0.642578125 0.72265625
0 0.904296875 0.19921875 0.943359375 0.16015625 0.904296875 0.16015625 0.943359375 0.19921875
0 0.177734375 0.916015625 0.216796875 0.876953125 0.177734375 0.876953125 0.216796875 0.916015625
0 0.365234375 0.2265625 0.404296875 0.1875 0.365234375 0.1875 0.404296875 0.2265625
0 0.86328125 0.15234375 0.90234375 0.11328125 0.86328125 0.11328125 0.90234375 0.15234375
0 0.11328125 0.6328125 0.15234375 0.59375 0.11328125 0.59375 0.15234375 0.6328125
0 0.81640625 0.52734375 0.85546875 0.48828125 0.81640625 0.48828125 0.85546875 0.52734375
0 0.865234375 0.681640625 0.904296875 0.642578125 0.865234375 0.642578125 0.904296875 0.681640625
0 0.216796875 0.73828125 0.255859375 0.69921875 0.216796875 0.69921875 0.255859375 0.73828125
0 0.046875 0.24609375 0.0859375 0.20703125 0.046875 0.20703125 0.0859375 0.24609375
