0 0.767578125 0.49609375 0.806640625 0.45703125 0.767578125 0.45703125 0.806640625 0.49609375
0 0.51171875 0.0703125 0.55078125 0.03125 0.51171875 0.03125 0.55078125 0.0703125
0 0.30859375 0.626953125 0.34765625 0.587890625 0.30859375 0.587890625 0.34765625 0.626953125
0 0.232421875 0.162109375 0.271484375 0.123046875 0.232421875 0.123046875 0.271484375 0.162109375
0 0.494140625 0.23828125 0.533203125 0.19921875 0.494140625 0.19921875 0.533203125 0.23828125
0 0.3046875 0.625 0.34375 0.5859375 0.3046875 0.5859375 0.34375 0.625
0 0.6796875 0.421875 0.71875 0.3828125 0.6796875 0.3828125 0.71875 0.421875
0 0.662109375 0.7578125 0.701171875 0.71875 0.662109375 0.71875 0.701171875 0.7578125
0 0.46484375 0.4921875 0.50390625 0.453125 0.46484375 0.453125 0.50390625 0.4921875
0 0.341796875 0.625 0.380859375 0.5859375 0.341796875 0.5859375 0.380859375 0.625
0 0.89453125 0.5390625 0.93359375 0.5 0.89453125 0.5 0.93359375 0.5390625
0 0.517578125 0.41015625 0.556640625 0.37109375 0.517578125 0.37109375 0.556640625 0.41015625
0 0.31640625 0.923828125 0.35546875 0.884765625 0.31640625 0.884765625 0.35546875 0.923828125
