0 0.62109375 0.724609375 0.66015625 0.685546875 0.62109375 0.685546875 0.66015625 0.724609375
0 0.244140625 0.251953125 0.283203125 0.212890625 0.244140625 0.212890625 0.283203125 0.251953125
0 0.755859375 0.556640625 0.794921875 0.517578125 0.755859375 0.517578125 0.794921875 0.556640625
0 0.38671875 0.513671875 0.42578125 0.474609375 0.38671875 0.474609375 0.42578125 0.513671875
0 0.154296875 0.447265625 0.193359375 0.408203125 0.154296875 0.408203125 0.193359375 0.447265625
0 0.361328125 0.46484375 0.400390625 0.42578125 0.361328125 0.42578125 0.400390625 0.46484375
0 0.154296875 0.39453125 0.193359375 0.35546875 0.154296875 0.35546875 0.193359375 0.39453125
0 0.185546875 0.21875 0.224609375 0.1796875 0.185546875 0.1796875 0.224609375 0.21875
0 0.52734375 0.115234375 0.56640625 0.076171875 0.52734375 0.076171875 0.56640625 0.115234375
0 0.44140625 0.892578125 0.48046875 0.853515625 0.44140625 0.853515625 0.48046875 0.892578125
0 0.44921875 0.34375 0.48828125 0.3046875 0.44921875 0.3046875 0.48828125 0.34375
