0 0.859375 0.892578125 0.8984375 0.853515625 0.859375 0.853515625 0.8984375 0.892578125
0 0.708984375 0.158203125 0.748046875 0.119140625 0.708984375 0.119140625 0.748046875 0.158203125
0 0.279296875 0.1015625 0.318359375 0.0625 0.279296875 0.0625 0.318359375 0.1015625
0 0.796875 0.41796875 0.8359375 0.37890625 0.796875 0.37890625 0.8359375 0.41796875
0 0.826171875 0.181640625 0.865234375 0.142578125 0.826171875 0.142578125 0.865234375 0.181640625
0 0.400390625 0.43359375 0.439453125 0.39453125 0.400390625 0.39453125 0.439453125 0.43359375
0 0.896484375 0.18359375 0.935546875 0.14453125 0.896484375 0.14453125 0.935546875 0.18359375
0 0.5234375 0.203125 0.5625 0.1640625 0.5234375 0.1640625 0.5625 0.203125
0 0.1015625 0.21484375 0.140625 0.17578125 0.1015625 0.17578125 0.140625 0.21484375
0 0.30078125 0.46875 0.33984375 0.4296875 0.30078125 0.4296875 0.33984375 0.46875
0 0.158203125 0.71484375 0.197265625 0.67578125 0.158203125 0.67578125 0.197265625 0.71484375
0 0.736328125 0.81640625 0.775390625 0.77734375 0.736328125 0.77734375 0.775390625 0.81640625
0 0.478515625 0.740234375 0.517578125 0.701171875 0.478515625 0.701171875 0.517578125 0.740234375
0 0.564453125 0.47265625 0.603515625 0.43359375 0.564453125 0.43359375 0.603515625 0.47265625
