0 0.73828125 0.40234375 0.77734375 0.36328125 0.73828125 0.36328125 0.77734375 0.40234375
0 0.783203125 0.3984375 0.822265625 0.359375 0.783203125 0.359375 0.822265625 0.3984375
0 0.408203125 0.603515625 0.447265625 0.564453125 0.408203125 0.564453125 0.447265625 0.603515625
0 0.76171875 0.240234375 0.80078125 0.201171875 0.76171875 0.201171875 0.80078125 0.240234375
0 0.359375 0.333984375 0.3984375 0.294921875 0.359375 0.294921875 0.3984375 0.333984375
0 0.482421875 0.35546875 0.521484375 0.31640625 0.482421875 0.31640625 0.521484375 0.35546875
0 0.822265625 0.25 0.861328125 0.2109375 0.822265625 0.2109375 0.861328125 0.25
0 0.654296875 0.26171875 0.693359375 0.22265625 0.654296875 0.22265625 0.693359375 0.26171875
0 0.5625 0.455078125 0.6015625 0.416015625 0.5625 0.416015625 0.6015625 0.455078125
0 0.384765625 0.912109375 0.423828125 0.873046875 0.384765625 0.873046875 0.423828125 0.912109375
0 0.880859375 0.123046875 0.919921875 0.083984375 0.880859375 0.083984375 0.919921875 0.123046875
0 0.14453125 0.201171875 0.18359375 0.162109375 0.14453125 0.162109375 0.18359375 0.201171875
0 0.259765625 0.22265625 0.298828125 0.18359375 0.259765625 0.18359375 0.298828125 0.22265625
