0 0.169921875 0.38671875 0.208984375 0.34765625 0.169921875 0.34765625 0.208984375 0.38671875
0 0.830078125 0.095703125 0.869140625 0.056640625 0.830078125 0.056640625 0.869140625 0.095703125
0 0.548828125 0.68359375 0.587890625 0.64453125 0.548828125 0.64453125 0.587890625 0.68359375
0 0.474609375 0.810546875 0.513671875 0.771484375 0.474609375 0.771484375 0.513671875 0.810546875
0 0.728515625 0.748046875 0.767578125 0.708984375 0.728515625 0.708984375 0.767578125 0.748046875
0 0.421875 0.87890625 0.4609375 0.83984375 0.421875 0.83984375 0.4609375 0.87890625
0 0.91015625 0.224609375 0.94921875 0.185546875 0.91015625 0.185546875 0.94921875 0.224609375
0 0.904296875 0.591796875 0.943359375 0.552734375 0.904296875 0.552734375 0.943359375 0.591796875
0 0.60546875 0.10546875 0.64453125 0.06640625 0.60546875 0.06640625 0.64453125 0.10546875
0 0.455078125 0.498046875 0.494140625 0.458984375 0.455078125 0.458984375 0.494140625 0.498046875
0 0.330078125 0.84765625 0.369140625 0.80859375 0.330078125 0.80859375 0.369140625 0.84765625
