0 0.5546875 0.607421875 0.59375 0.568359375 0.5546875 0.568359375 0.59375 0.607421875
0 0.453125 0.66796875 0.4921875 0.62890625 0.453125 0.62890625 0.4921875 0.66796875
0 0.234375 0.58984375 0.2734375 0.55078125 0.234375 0.55078125 0.2734375 0.58984375
0 0.041015625 0.697265625 0.080078125 0.658203125 0.041015625 0.658203125 0.080078125 0.697265625
0 0.26953125 0.7109375 0.30859375 0.671875 0.26953125 0.671875 0.30859375 0.7109375
0 0.708984375 0.87890625 0.748046875 0.83984375 0.708984375 0.83984375 0.748046875 0.87890625
0 0.7109375 0.53125 0.75 0.4921875 0.7109375 0.4921875 0.75 0.53125
0 0.802734375 0.900390625 0.841796875 0.861328125 0.802734375 0.861328125 0.841796875 0.900390625
0 0.126953125 0.541015625 0.166015625 0.501953125 0.126953125 0.501953125 0.166015625 0.541015625
0 0.5859375 0.962890625 0.625 0.923828125 0.5859375 0.923828125 0.625 0.962890625
0 0.65234375 0.85546875 0.69140625 0.81640625 0.65234375 0.81640625 0.69140625 0.85546875
0 0.107421875 0.533203125 0.146484375 0.494140625 0.107421875 0.494140625 0.146484375 0.533203125
