0 0.388671875 0.892578125 0.427734375 0.853515625 0.388671875 0.853515625 0.427734375 0.892578125
0 0.111328125 0.888671875 0.150390625 0.849609375 0.111328125 0.849609375 0.150390625 0.888671875
0 0.748046875 0.673828125 0.787109375 0.634765625 0.748046875 0.634765625 0.787109375 0.673828125
0 0.220703125 0.48046875 0.259765625 0.44140625 0.220703125 0.44140625 0.259765625 0.48046875
0 0.4140625 0.49609375 0.453125 0.45703125 0.4140625 0.45703125 0.453125 0.49609375
0 0.712890625 0.337890625 0.751953125 0.298828125 0.712890625 0.298828125 0.751953125 0.337890625
0 0.78515625 0.341796875 0.82421875 0.302734375 0.78515625 0.302734375 0.82421875 0.341796875
0 0.162109375 0.20703125 0.201171875 0.16796875 0.162109375 0.16796875 0.201171875 0.20703125
0 0.205078125 0.392578125 0.244140625 0.353515625 0.205078125 0.353515625 0.244140625 0.392578125
0 0.6796875 0.3125 0.71875 0.2734375 0.6796875 0.2734375 0.71875 0.3125
0 0.904296875 0.865234375 0.943359375 0.826171875 0.904296875 0.826171875 0.943359375 0.865234375
0 0.291015625 0.431640625 0.330078125 0.392578125 0.291015625 0.392578125 0.330078125 0.431640625
0 0.353515625 0.205078125 0.392578125 0.166015625 0.353515625 0.166015625 0.392578125 0.205078125
