0 0.80859375 0.794921875 0.84765625 0.755859375 0.80859375 0.755859375 0.84765625 0.794921875
0 0.78515625 0.599609375 0.82421875 0.560546875 0.78515625 0.560546875 0.82421875 0.599609375
0 0.4921875 0.53125 0.53125 0.4921875 0.4921875 0.4921875 0.53125 0.53125
0 0.31640625 0.71484375 0.35546875 0.67578125 0.31640625 0.67578125 0.35546875 0.71484375
0 0.818359375 0.771484375 0.857421875 0.732421875 0.818359375 0.732421875 0.857421875 0.771484375
0 0.90234375 0.892578125 0.94140625 0.853515625 0.90234375 0.853515625 0.94140625 0.892578125
0 0.513671875 0.564453125 0.552734375 0.525390625 0.513671875 0.525390625 0.552734375 0.564453125
0 0.849609375 0.3515625 0.888671875 0.3125 0.849609375 0.3125 0.888671875 0.3515625
0 0.5546875 0.69140625 0.59375 0.65234375 0.5546875 0.65234375 0.59375 0.69140625
0 0.552734375 0.908203125 0.591796875 0.869140625 0.552734375 0.869140625 0.591796875 0.908203125
0 0.7421875 0.45703125 0.78125 0.41796875 0.7421875 0.41796875 0.78125 0.45703125
0 0.806640625 0.25 0.845703125 0.2109375 0.806640625 0.2109375 0.845703125 0.25
