0 0.04296875 0.384765625 0.08203125 0.345703125 0.04296875 0.345703125 0.08203125 0.384765625
0 0.3515625 0.228515625 0.390625 0.189453125 0.3515625 0.189453125 0.390625 0.228515625
0 0.2109375 0.796875 0.25 0.7578125 0.2109375 0.7578125 0.25 0.796875
0 0.814453125 0.142578125 0.853515625 0.103515625 0.814453125 0.103515625 0.853515625 0.142578125
0 0.333984375 0.513671875 0.373046875 0.474609375 0.333984375 0.474609375 0.373046875 0.513671875
0 0.56640625 0.451171875 0.60546875 0.412109375 0.56640625 0.412109375 0.60546875 0.451171875
0 0.736328125 0.236328125 0.775390625 0.197265625 0.736328125 0.197265625 0.775390625 0.236328125
0 0.603515625 0.111328125 0.642578125 0.072265625 0.603515625 0.072265625 0.642578125 0.111328125
0 0.068359375 0.837890625 0.107421875 0.798828125 0.068359375 0.798828125 0.107421875 0.837890625
0 0.40234375 0.662109375 0.44140625 0.623046875 0.40234375 0.623046875 0.44140625 0.662109375
0 0.3828125 0.708984375 0.421875 0.669921875 0.3828125 0.669921875 0.421875 0.708984375
0 0.453125 0.5 0.4921875 0.4609375 0.453125 0.4609375 0.4921875 0.5
