0 0.359375 0.08984375 0.3984375 0.05078125 0.359375 0.05078125 0.3984375 0.08984375
0 0.83984375 0.51953125 0.87890625 0.48046875 0.83984375 0.48046875 0.87890625 0.51953125
0 0.431640625 0.833984375 0.470703125 0.794921875 0.431640625 0.794921875 0.470703125 0.833984375
0 0.720703125 0.783203125 0.759765625 0.744140625 0.720703125 0.744140625 0.759765625 0.783203125
0 0.794921875 0.5234375 0.833984375 0.484375 0.794921875 0.484375 0.833984375 0.5234375
0 0.7265625 0.654296875 0.765625 0.615234375 0.7265625 0.615234375 0.765625 0.654296875
0 0.916015625 0.27734375 0.955078125 0.23828125 0.916015625 0.23828125 0.955078125 0.27734375
0 0.2734375 0.416015625 0.3125 0.376953125 0.2734375 0.376953125 0.3125 0.416015625
0 0.892578125 0.728515625 0.931640625 0.689453125 0.892578125 0.689453125 0.931640625 0.728515625
0 0.345703125 0.60546875 0.384765625 0.56640625 0.345703125 0.56640625 0.384765625 0.60546875
