0 0.876953125 0.73828125 0.916015625 0.69921875 0.876953125 0.69921875 0.916015625 0.73828125
0 0.611328125 0.75 0.650390625 0.7109375 0.611328125 0.7109375 0.650390625 0.75
0 0.70703125 0.8125 0.74609375 0.7734375 0.70703125 0.7734375 0.74609375 0.8125
0 0.15625 0.169921875 0.1953125 0.130859375 0.15625 0.130859375 0.1953125 0.169921875
0 0.91796875 0.283203125 0.95703125 0.244140625 0.91796875 0.244140625 0.95703125 0.283203125
0 0.826171875 0.29296875 0.865234375 0.25390625 0.826171875 0.25390625 0.865234375 0.29296875
0 0.759765625 0.6328125 0.798828125 0.59375 0.759765625 0.59375 0.798828125 0.6328125
0 0.2265625 0.521484375 0.265625 0.482421875 0.2265625 0.482421875 0.265625 0.521484375
0 0.58203125 0.2734375 0.62109375 0.234375 0.58203125 0.234375 0.62109375 0.2734375
0 0.083984375 0.2421875 0.123046875 0.203125 0.083984375 0.203125 0.123046875 0.2421875
0 0.806640625 0.349609375 0.845703125 0.310546875 0.806640625 0.310546875 0.845703125 0.349609375
0 0.1328125 0.083984375 0.171875 0.044921875 0.1328125 0.044921875 0.171875 0.083984375
0 0.708984375 0.171875 0.748046875 0.1328125 0.708984375 0.1328125 0.748046875 0.171875
0 0.220703125 0.3359375 0.259765625 0.296875 0.220703125 0.296875 0.259765625 0.3359375
