0 0.74609375 0.52734375 0.78515625 0.48828125 0.74609375 0.48828125 0.78515625 0.52734375
0 0.302734375 0.83203125 0.341796875 0.79296875 0.302734375 0.79296875 0.341796875 0.83203125
0 0.8515625 0.509765625 0.890625 0.470703125 0.8515625 0.470703125 0.890625 0.509765625
0 0.62109375 0.78125 0.66015625 0.7421875 0.62109375 0.7421875 0.66015625 0.78125
0 0.560546875 0.578125 0.599609375 0.5390625 0.560546875 0.5390625 0.599609375 0.578125
0 0.462890625 0.23828125 0.501953125 0.19921875 0.462890625 0.19921875 0.501953125 0.23828125
0 0.314453125 0.494140625 0.353515625 0.455078125 0.314453125 0.455078125 0.353515625 0.494140625
0 0.65625 0.587890625 0.6953125 0.548828125 0.65625 0.548828125 0.6953125 0.587890625
0 0.517578125 0.517578125 0.556640625 0.478515625 0.517578125 0.478515625 0.556640625 0.517578125
0 0.14453125 0.115234375 0.18359375 0.076171875 0.14453125 0.076171875 0.18359375 0.115234375
