0 0.916015625 0.37890625 0.955078125 0.33984375 0.916015625 0.33984375 0.955078125 0.37890625
0 0.23828125 0.55859375 0.27734375 0.51953125 0.23828125 0.51953125 0.27734375 0.55859375
0 0.3984375 0.56640625 0.4375 0.52734375 0.3984375 0.52734375 0.4375 0.56640625
0 0.857421875 0.43359375 0.896484375 0.39453125 0.857421875 0.39453125 0.896484375 0.43359375
0 0.7734375 0.205078125 0.8125 0.166015625 0.7734375 0.166015625 0.8125 0.205078125
0 0.560546875 0.19140625 0.599609375 0.15234375 0.560546875 0.15234375 0.599609375 0.19140625
0 0.087890625 0.779296875 0.126953125 0.740234375 0.087890625 0.740234375 0.126953125 0.779296875
0 0.37890625 0.779296875 0.41796875 0.740234375 0.37890625 0.740234375 0.41796875 0.779296875
0 0.65234375 0.306640625 0.69140625 0.267578125 0.65234375 0.267578125 0.69140625 0.306640625
0 0.208984375 0.47265625 0.248046875 0.43359375 0.208984375 0.43359375 0.248046875 0.47265625
0 0.921875 0.166015625 0.9609375 0.126953125 0.921875 0.126953125 0.9609375 0.166015625
0 0.345703125 0.837890625 0.384765625 0.798828125 0.345703125 0.798828125 0.384765625 0.837890625
0 0.693359375 0.50390625 0.732421875 0.46484375 0.693359375 0.46484375 0.732421875 0.50390625
