0 0.43359375 0.0859375 0.47265625 0.046875 0.43359375 0.046875 0.47265625 0.0859375
0 0.537109375 0.369140625 0.576171875 0.330078125 0.537109375 0.330078125 0.576171875 0.369140625
0 0.603515625 0.359375 0.642578125 0.3203125 0.603515625 0.3203125 0.642578125 0.359375
0 0.400390625 0.07421875 0.439453125 0.03515625 0.400390625 0.03515625 0.439453125 0.07421875
0 0.640625 0.95703125 0.6796875 0.91796875 0.640625 0.91796875 0.6796875 0.95703125
0 0.3125 0.6640625 0.3515625 0.625 0.3125 0.625 0.3515625 0.6640625
0 0.123046875 0.091796875 0.162109375 0.052734375 0.123046875 0.052734375 0.162109375 0.091796875
0 0.6484375 0.802734375 0.6875 0.763671875 0.6484375 0.763671875 0.6875 0.802734375
0 0.501953125 0.396484375 0.541015625 0.357421875 0.501953125 0.357421875 0.541015625 0.396484375
0 0.8984375 0.14453125 0.9375 0.10546875 0.8984375 0.10546875 0.9375 0.14453125
0 0.693359375 0.37890625 0.732421875 0.33984375 0.693359375 0.33984375 0.732421875 0.37890625
0 0.5859375 0.419921875 0.625 0.380859375 0.5859375 0.380859375 0.625 0.419921875
0 0.08984375 0.20703125 0.12890625 0.16796875 0.08984375 0.16796875 0.12890625 0.20703125
0 0.36328125 0.142578125 0.40234375 0.103515625 0.36328125 0.103515625 0.40234375 0.142578125
