0 0.875 0.794921875 0.9140625 0.755859375 0.875 0.755859375 0.9140625 0.794921875
0 0.728515625 0.62890625 0.767578125 0.58984375 0.728515625 0.58984375 0.767578125 0.62890625
0 0.79296875 0.455078125 0.83203125 0.416015625 0.79296875 0.416015625 0.83203125 0.455078125
0 0.81640625 0.953125 0.85546875 0.9140625 0.81640625 0.9140625 0.85546875 0.953125
0 0.37109375 0.548828125 0.41015625 0.509765625 0.37109375 0.509765625 0.41015625 0.548828125
0 0.244140625 0.08984375 0.283203125 0.05078125 0.244140625 0.05078125 0.283203125 0.08984375
0 0.232421875 0.875 0.271484375 0.8359375 0.232421875 0.8359375 0.271484375 0.875
0 0.845703125 0.501953125 0.884765625 0.462890625 0.845703125 0.462890625 0.884765625 0.501953125
0 0.501953125 0.90234375 0.541015625 0.86328125 0.501953125 0.86328125 0.541015625 0.90234375
0 0.666015625 0.4921875 0.705078125 0.453125 0.666015625 0.453125 0.705078125 0.4921875
0 0.30859375 0.9375 0.34765625 0.8984375 0.30859375 0.8984375 0.34765625 0.9375
0 0.322265625 0.41796875 0.361328125 0.37890625 0.322265625 0.37890625 0.361328125 0.41796875
