0 0.919921875 0.65625 0.958984375 0.6171875 0.919921875 0.6171875 0.958984375 0.65625
0 0.740234375 0.408203125 0.779296875 0.369140625 0.740234375 0.369140625 0.779296875 0.408203125
0 0.080078125 0.423828125 0.119140625 0.384765625 0.080078125 0.384765625 0.119140625 0.423828125
0 0.25 0.875 0.2890625 0.8359375 0.25 0.8359375 0.2890625 0.875
0 0.763671875 0.728515625 0.802734375 0.689453125 0.763671875 0.689453125 0.802734375 0.728515625
0 0.193359375 0.150390625 0.232421875 0.111328125 0.193359375 0.111328125 0.232421875 0.150390625
0 0.9140625 0.263671875 0.953125 0.224609375 0.9140625 0.224609375 0.953125 0.263671875
0 0.255859375 0.587890625 0.294921875 0.548828125 0.255859375 0.548828125 0.294921875 0.587890625
0 0.56640625 0.962890625 0.60546875 0.923828125 0.56640625 0.923828125 0.60546875 0.962890625
0 0.12109375 0.955078125 0.16015625 0.916015625 0.12109375 0.916015625 0.16015625 0.955078125
0 0.341796875 0.92578125 0.380859375 0.88671875 0.341796875 0.88671875 0.380859375 0.92578125
0 0.041015625 0.158203125 0.080078125 0.119140625 0.041015625 0.119140625 0.080078125 0.158203125
