0 0.154296875 0.67578125 0.193359375 0.63671875 0.154296875 0.63671875 0.193359375 0.67578125
0 0.19921875 0.755859375 0.23828125 0.716796875 0.19921875 0.716796875 0.23828125 0.755859375
0 0.33203125 0.71484375 0.37109375 0.67578125 0.33203125 0.67578125 0.37109375 0.71484375
0 0.177734375 0.271484375 0.216796875 0.232421875 0.177734375 0.232421875 0.216796875 0.271484375
0 0.5625 0.2109375 0.6015625 0.171875 0.5625 0.171875 0.6015625 0.2109375
0 0.056640625 0.29296875 0.095703125 0.25390625 0.056640625 0.25390625 0.095703125 0.29296875
0 0.119140625 0.453125 0.158203125 0.4140625 0.119140625 0.4140625 0.158203125 0.453125
0 0.53125 0.876953125 0.5703125 0.837890625 0.53125 0.837890625 0.5703125 0.876953125
0 0.326171875 0.671875 0.365234375 0.6328125 0.326171875 0.6328125 0.365234375 0.671875
0 0.244140625 0.65234375 0.283203125 0.61328125 0.244140625 0.61328125 0.283203125 0.65234375
0 0.275390625 0.642578125 0.314453125 0.603515625 0.275390625 0.603515625 0.314453125 0.642578125
0 0.3671875 0.24609375 0.40625 0.20703125 0.3671875 0.20703125 0.40625 0.24609375
0 0.888671875 0.80859375 0.927734375 0.76953125 0.888671875 0.76953125 0.927734375 0.80859375
