0 0.66015625 0.46875 0.69921875 0.4296875 0.66015625 0.4296875 0.69921875 0.46875
0 0.16015625 0.62109375 0.19921875 0.58203125 0.16015625 0.58203125 0.19921875 0.62109375
0 0.673828125 0.275390625 0.712890625 0.236328125 0.673828125 0.236328125 0.712890625 0.275390625
0 0.0859375 0.4375 0.125 0.3984375 0.0859375 0.3984375 0.125 0.4375
0 0.1640625 0.2265625 0.203125 0.1875 0.1640625 0.1875 0.203125 0.2265625
0 0.74609375 0.125 0.78515625 0.0859375 0.74609375 0.0859375 0.78515625 0.125
0 0.7734375 0.767578125 0.8125 0.728515625 0.7734375 0.728515625 0.8125 0.767578125
0 0.86328125 0.2421875 0.90234375 0.203125 0.86328125 0.203125 0.90234375 0.2421875
0 0.248046875 0.458984375 0.287109375 0.419921875 0.248046875 0.419921875 0.287109375 0.458984375
0 0.068359375 0.646484375 0.107421875 0.607421875 0.068359375 0.607421875 0.107421875 0.646484375
0 0.087890625 0.84765625 0.126953125 0.80859375 0.087890625 0.80859375 0.126953125 0.84765625
0 0.25390625 0.845703125 0.29296875 0.806640625 0.25390625 0.806640625 0.29296875 0.845703125
0 0.38671875 0.185546875 0.42578125 0.146484375 0.38671875 0.146484375 0.42578125 0.185546875
