0 0.775390625 0.28125 0.814453125 0.2421875 0.775390625 0.2421875 0.814453125 0.28125
0 0.896484375 0.80859375 0.935546875 0.76953125 0.896484375 0.76953125 0.935546875 0.80859375
0 0.392578125 0.16796875 0.431640625 0.12890625 0.392578125 0.12890625 0.431640625 0.16796875
0 0.369140625 0.373046875 0.408203125 0.333984375 0.369140625 0.333984375 0.408203125 0.373046875
0 0.326171875 0.67578125 0.365234375 0.63671875 0.326171875 0.63671875 0.365234375 0.67578125
0 0.21875 0.58203125 0.2578125 0.54296875 0.21875 0.54296875 0.2578125 0.58203125
0 0.880859375 0.798828125 0.919921875 0.759765625 0.880859375 0.759765625 0.919921875 0.798828125
0 0.771484375 0.912109375 0.810546875 0.873046875 0.771484375 0.873046875 0.810546875 0.912109375
0 0.783203125 0.3671875 0.822265625 0.328125 0.783203125 0.328125 0.822265625 0.3671875
0 0.791015625 0.3828125 0.830078125 0.34375 0.791015625 0.34375 0.830078125 0.3828125
0 0.583984375 0.443359375 0.623046875 0.404296875 0.583984375 0.404296875 0.623046875 0.443359375
0 0.580078125 0.6640625 0.619140625 0.625 0.580078125 0.625 0.619140625 0.6640625
0 0.4375 0.52734375 0.4765625 0.48828125 0.4375 0.48828125 0.4765625 0.52734375
0 0.169921875 0.318359375 0.208984375 0.279296875 0.169921875 0.279296875 0.208984375 0.318359375
