0 0.158203125 0.55859375 0.197265625 0.51953125 0.158203125 0.51953125 0.197265625 0.55859375
0 0.837890625 0.107421875 0.876953125 0.068359375 0.837890625 0.068359375 0.876953125 0.107421875
0 0.51953125 0.724609375 0.55859375 0.685546875 0.51953125 0.685546875 0.55859375 0.724609375
0 0.7734375 0.623046875 0.8125 0.583984375 0.7734375 0.583984375 0.8125 0.623046875
0 0.662109375 0.529296875 0.701171875 0.490234375 0.662109375 0.490234375 0.701171875 0.529296875
0 0.3984375 0.60546875 0.4375 0.56640625 0.3984375 0.56640625 0.4375 0.60546875
0 0.396484375 0.900390625 0.435546875 0.861328125 0.396484375 0.861328125 0.435546875 0.900390625
0 0.763671875 0.8515625 0.802734375 0.8125 0.763671875 0.8125 0.802734375 0.8515625
0 0.48046875 0.908203125 0.51953125 0.869140625 0.48046875 0.869140625 0.51953125 0.908203125
0 0.3828125 0.380859375 0.421875 0.341796875 0.3828125 0.341796875 0.421875 0.380859375
0 0.923828125 0.390625 0.962890625 0.3515625 0.923828125 0.3515625 0.962890625 0.390625
0 0.4921875 0.412109375 0.53125 0.373046875 0.4921875 0.373046875 0.53125 0.412109375
0 0.455078125 0.501953125 0.494140625 0.462890625 0.455078125 0.462890625 0.494140625 0.501953125
