0 0.248046875 0.947265625 0.287109375 0.908203125 0.248046875 0.908203125 0.287109375 0.947265625
0 0.572265625 0.896484375 0.611328125 0.857421875 0.572265625 0.857421875 0.611328125 0.896484375
0 0.279296875 0.197265625 0.318359375 0.158203125 0.279296875 0.158203125 0.318359375 0.197265625
0 0.439453125 0.30078125 0.478515625 0.26171875 0.439453125 0.26171875 0.478515625 0.30078125
0 0.146484375 0.078125 0.185546875 0.0390625 0.146484375 0.0390625 0.185546875 0.078125
0 0.92578125 0.400390625 0.96484375 0.361328125 0.92578125 0.361328125 0.96484375 0.400390625
0 0.1484375 0.947265625 0.1875 0.908203125 0.1484375 0.908203125 0.1875 0.947265625
0 0.91015625 0.59765625 0.94921875 0.55859375 0.91015625 0.55859375 0.94921875 0.59765625
0 0.146484375 0.32421875 0.185546875 0.28515625 0.146484375 0.28515625 0.185546875 0.32421875
0 0.306640625 0.6640625 0.345703125 0.625 0.306640625 0.625 0.345703125 0.6640625
0 0.328125 0.333984375 0.3671875 0.294921875 0.328125 0.294921875 0.3671875 0.333984375
0 0.439453125 0.646484375 0.478515625 0.607421875 0.439453125 0.607421875 0.478515625 0.646484375
0 0.89453125 0.22265625 0.93359375 0.18359375 0.89453125 0.18359375 0.93359375 0.22265625
