0 0.298828125 0.88671875 0.337890625 0.84765625 0.298828125 0.84765625 0.337890625 0.88671875
0 0.7890625 0.740234375 0.828125 0.701171875 0.7890625 0.701171875 0.828125 0.740234375
0 0.365234375 0.697265625 0.404296875 0.658203125 0.365234375 0.658203125 0.404296875 0.697265625
0 0.458984375 0.875 0.498046875 0.8359375 0.458984375 0.8359375 0.498046875 0.875
0 0.486328125 0.26953125 0.525390625 0.23046875 0.486328125 0.23046875 0.525390625 0.26953125
0 0.744140625 0.466796875 0.783203125 0.427734375 0.744140625 0.427734375 0.783203125 0.466796875
0 0.5859375 0.28515625 0.625 0.24609375 0.5859375 0.24609375 0.625 0.28515625
0 0.927734375 0.1796875 0.966796875 0.140625 0.927734375 0.140625 0.966796875 0.1796875
0 0.564453125 0.08203125 0.603515625 0.04296875 0.564453125 0.04296875 0.603515625 0.08203125
0 0.265625 0.37109375 0.3046875 0.33203125 0.265625 0.33203125 0.3046875 0.37109375
0 0.123046875 0.548828125 0.162109375 0.509765625 0.123046875 0.509765625 0.162109375 0.548828125
