0 0.072265625 0.10546875 0.111328125 0.06640625 0.072265625 0.06640625 0.111328125 0.10546875
0 0.0625 0.158203125 0.1015625 0.119140625 0.0625 0.119140625 0.1015625 0.158203125
0 0.552734375 0.19921875 0.591796875 0.16015625 0.552734375 0.16015625 0.591796875 0.19921875
0 0.869140625 0.287109375 0.908203125 0.248046875 0.869140625 0.248046875 0.908203125 0.287109375
0 0.466796875 0.31640625 0.505859375 0.27734375 0.466796875 0.27734375 0.505859375 0.31640625
0 0.08203125 0.912109375 0.12109375 0.873046875 0.08203125 0.873046875 0.12109375 0.912109375
0 0.423828125 0.68359375 0.462890625 0.64453125 0.423828125 0.64453125 0.462890625 0.68359375
0 0.521484375 0.287109375 0.560546875 0.248046875 0.521484375 0.248046875 0.560546875 0.287109375
0 0.17578125 0.890625 0.21484375 0.8515625 0.17578125 0.8515625 0.21484375 0.890625
0 0.8203125 0.4765625 0.859375 0.4375 0.8203125 0.4375 0.859375 0.4765625
0 0.783203125 0.623046875 0.822265625 0.583984375 0.783203125 0.583984375 0.822265625 0.623046875
0 0.900390625 0.67578125 0.939453125 0.63671875 0.900390625 0.63671875 0.939453125 0.67578125
0 0.6015625 0.689453125 0.640625 0.650390625 0.6015625 0.650390625 0.640625 0.689453125
