0 0.462890625 0.759765625 0.501953125 0.720703125 0.462890625 0.720703125 0.501953125 0.759765625
0 0.84765625 0.3046875 0.88671875 0.265625 0.84765625 0.265625 0.88671875 0.3046875
0 0.0390625 0.576171875 0.078125 0.537109375 0.0390625 0.537109375 0.078125 0.576171875
0 0.24609375 0.71484375 0.28515625 0.67578125 0.24609375 0.67578125 0.28515625 0.71484375
0 0.677734375 0.220703125 0.716796875 0.181640625 0.677734375 0.181640625 0.716796875 0.220703125
0 0.365234375 0.1328125 0.404296875 0.09375 0.365234375 0.09375 0.404296875 0.1328125
0 0.087890625 0.740234375 0.126953125 0.701171875 0.087890625 0.701171875 0.126953125 0.740234375
0 0.662109375 0.119140625 0.701171875 0.080078125 0.662109375 0.080078125 0.701171875 0.119140625
0 0.35546875 0.72265625 0.39453125 0.68359375 0.35546875 0.68359375 0.39453125 0.72265625
0 0.880859375 0.71875 0.919921875 0.6796875 0.880859375 0.6796875 0.919921875 0.71875
