0 0.662109375 0.259765625 0.701171875 0.220703125 0.662109375 0.220703125 0.701171875 0.259765625
0 0.22265625 0.595703125 0.26171875 0.556640625 0.22265625 0.556640625 0.26171875 0.595703125
0 0.0390625 0.75390625 0.078125 0.71484375 0.0390625 0.71484375 0.078125 0.75390625
0 0.396484375 0.556640625 0.435546875 0.517578125 0.396484375 0.517578125 0.435546875 0.556640625
0 0.068359375 0.6484375 0.107421875 0.609375 0.068359375 0.609375 0.107421875 0.6484375
0 0.7578125 0.16015625 0.796875 0.12109375 0.7578125 0.12109375 0.796875 0.16015625
0 0.900390625 0.1484375 0.939453125 0.109375 0.900390625 0.109375 0.939453125 0.1484375
0 0.61328125 0.787109375 0.65234375 0.748046875 0.61328125 0.748046875 0.65234375 0.787109375
0 0.16796875 0.068359375 0.20703125 0.029296875 0.16796875 0.029296875 0.20703125 0.068359375
0 0.44921875 0.095703125 0.48828125 0.056640625 0.44921875 0.056640625 0.48828125 0.095703125
0 0.70703125 0.6171875 0.74609375 0.578125 0.70703125 0.578125 0.74609375 0.6171875
0 0.666015625 0.548828125 0.705078125 0.509765625 0.666015625 0.509765625 0.705078125 0.548828125
0 0.369140625 0.212890625 0.408203125 0.173828125 0.369140625 0.173828125 0.408203125 0.212890625
0 0.607421875 0.7578125 0.646484375 0.71875 0.607421875 0.71875 0.646484375 0.7578125
