0 0.546875 0.49609375 0.5859375 0.45703125 0.546875 0.45703125 0.5859375 0.49609375
0 0.095703125 0.763671875 0.134765625 0.724609375 0.095703125 0.724609375 0.134765625 0.763671875
0 0.201171875 0.10546875 0.240234375 0.06640625 0.201171875 0.06640625 0.240234375 0.10546875
0 0.24609375 0.35546875 0.28515625 0.31640625 0.24609375 0.31640625 0.28515625 0.35546875
0 0.3046875 0.20703125 0.34375 0.16796875 0.3046875 0.16796875 0.34375 0.20703125
0 0.77734375 0.587890625 0.81640625 0.548828125 0.77734375 0.548828125 0.81640625 0.587890625
0 0.67578125 0.54296875 0.71484375 0.50390625 0.67578125 0.50390625 0.71484375 0.54296875
0 0.59375 0.341796875 0.6328125 0.302734375 0.59375 0.302734375 0.6328125 0.341796875
0 0.798828125 0.576171875 0.837890625 0.537109375 0.798828125 0.537109375 0.837890625 0.576171875
0 0.56640625 0.51953125 0.60546875 0.48046875 0.56640625 0.48046875 0.60546875 0.51953125
0 0.2578125 0.09765625 0.296875 0.05859375 0.2578125 0.05859375 0.296875 0.09765625
0 0.099609375 0.763671875 0.138671875 0.724609375 0.099609375 0.724609375 0.138671875 0.763671875
0 0.390625 0.771484375 0.4296875 0.732421875 0.390625 0.732421875 0.4296875 0.771484375
