0 0.646484375 0.279296875 0.685546875 0.240234375 0.646484375 0.240234375 0.685546875 0.279296875
0 0.40625 0.646484375 0.4453125 0.607421875 0.40625 0.607421875 0.4453125 0.646484375
0 0.44140625 0.220703125 0.48046875 0.181640625 0.44140625 0.181640625 0.48046875 0.220703125
0 0.158203125 0.80078125 0.197265625 0.76171875 0.158203125 0.76171875 0.197265625 0.80078125
0 0.376953125 0.625 0.416015625 0.5859375 0.376953125 0.5859375 0.416015625 0.625
0 0.78125 0.865234375 0.8203125 0.826171875 0.78125 0.826171875 0.8203125 0.865234375
0 0.40625 0.681640625 0.4453125 0.642578125 0.40625 0.642578125 0.4453125 0.681640625
0 0.33203125 0.955078125 0.37109375 0.916015625 0.33203125 0.916015625 0.37109375 0.955078125
0 0.0625 0.587890625 0.1015625 0.548828125 0.0625 0.548828125 0.1015625 0.587890625
0 0.150390625 0.3125 0.189453125 0.2734375 0.150390625 0.2734375 0.189453125 0.3125
0 0.138671875 0.625 0.177734375 0.5859375 0.138671875 0.5859375 0.177734375 0.625
0 0.8671875 0.591796875 0.90625 0.552734375 0.8671875 0.552734375 0.90625 0.591796875
0 0.501953125 0.623046875 0.541015625 0.583984375 0.501953125 0.583984375 0.541015625 0.623046875
