0 0.57421875 0.326171875 0.61328125 0.287109375 0.57421875 0.287109375 0.61328125 0.326171875
0 0.8359375 0.67578125 0.875 0.63671875 0.8359375 0.63671875 0.875 0.67578125
0 0.279296875 0.375 0.318359375 0.3359375 0.279296875 0.3359375 0.318359375 0.375
0 0.1171875 0.828125 0.15625 0.7890625 0.1171875 0.7890625 0.15625 0.828125
0 0.716796875 0.830078125 0.755859375 0.791015625 0.716796875 0.791015625 0.755859375 0.830078125
0 0.56640625 0.4921875 0.60546875 0.453125 0.56640625 0.453125 0.60546875 0.4921875
0 0.736328125 0.828125 0.775390625 0.7890625 0.736328125 0.7890625 0.775390625 0.828125
0 0.173828125 0.392578125 0.212890625 0.353515625 0.173828125 0.353515625 0.212890625 0.392578125
0 0.59375 0.74609375 0.6328125 0.70703125 0.59375 0.70703125 0.6328125 0.74609375
0 0.48828125 0.76171875 0.52734375 0.72265625 0.48828125 0.72265625 0.52734375 0.76171875
0 0.90234375 0.197265625 0.94140625 0.158203125 0.90234375 0.158203125 0.94140625 0.197265625
0 0.265625 0.255859375 0.3046875 0.216796875 0.265625 0.216796875 0.3046875 0.255859375
0 0.390625 0.8984375 0.4296875 0.859375 0.390625 0.859375 0.4296875 0.8984375
0 0.490234375 0.330078125 0.529296875 0.291015625 0.490234375 0.291015625 0.529296875 0.330078125
