0 0.490234375 0.30859375 0.529296875 0.26953125 0.490234375 0.26953125 0.529296875 0.30859375
0 0.4453125 0.91796875 0.484375 0.87890625 0.4453125 0.87890625 0.484375 0.91796875
0 0.23828125 0.431640625 0.27734375 0.392578125 0.23828125 0.392578125 0.27734375 0.431640625
0 0.751953125 0.216796875 0.791015625 0.177734375 0.751953125 0.177734375 0.791015625 0.216796875
0 0.5859375 0.517578125 0.625 0.478515625 0.5859375 0.478515625 0.625 0.517578125
0 0.669921875 0.9609375 0.708984375 0.921875 0.669921875 0.921875 0.708984375 0.9609375
0 0.68359375 0.138671875 0.72265625 0.099609375 0.68359375 0.099609375 0.72265625 0.138671875
0 0.041015625 0.396484375 0.080078125 0.357421875 0.041015625 0.357421875 0.080078125 0.396484375
0 0.64453125 0.431640625 0.68359375 0.392578125 0.64453125 0.392578125 0.68359375 0.431640625
0 0.419921875 0.32421875 0.458984375 0.28515625 0.419921875 0.28515625 0.458984375 0.32421875
0 0.099609375 0.630859375 0.138671875 0.591796875 0.099609375 0.591796875 0.138671875 0.630859375
