0 0.42578125 0.18359375 0.46484375 0.14453125 0.42578125 0.14453125 0.46484375 0.18359375
0 0.263671875 0.255859375 0.302734375 0.216796875 0.263671875 0.216796875 0.302734375 0.255859375
0 0.79296875 0.19140625 0.83203125 0.15234375 0.79296875 0.15234375 0.83203125 0.19140625
0 0.544921875 0.46875 0.583984375 0.4296875 0.544921875 0.4296875 0.583984375 0.46875
0 0.03515625 0.884765625 0.07421875 0.845703125 0.03515625 0.845703125 0.07421875 0.884765625
0 0.5703125 0.3359375 0.609375 0.296875 0.5703125 0.296875 0.609375 0.3359375
0 0.513671875 0.447265625 0.552734375 0.408203125 0.513671875 0.408203125 0.552734375 0.447265625
0 0.359375 0.4140625 0.3984375 0.375 0.359375 0.375 0.3984375 0.4140625
0 0.048828125 0.345703125 0.087890625 0.306640625 0.048828125 0.306640625 0.087890625 0.345703125
0 0.4921875 0.091796875 0.53125 0.052734375 0.4921875 0.052734375 0.53125 0.091796875
0 0.927734375 0.259765625 0.966796875 0.220703125 0.927734375 0.220703125 0.966796875 0.259765625
0 0.82421875 0.369140625 0.86328125 0.330078125 0.82421875 0.330078125 0.86328125 0.369140625
0 0.841796875 0.697265625 0.880859375 0.658203125 0.841796875 0.658203125 0.880859375 0.697265625
0 0.71875 0.796875 0.7578125 0.7578125 0.71875 0.7578125 0.7578125 0.796875
