0 0.845703125 0.26171875 0.884765625 0.22265625 0.845703125 0.22265625 0.884765625 0.26171875
0 0.22265625 0.916015625 0.26171875 0.876953125 0.22265625 0.876953125 0.26171875 0.916015625
0 0.0390625 0.451171875 0.078125 0.412109375 0.0390625 0.412109375 0.078125 0.451171875
0 0.27734375 0.458984375 0.31640625 0.419921875 0.27734375 0.419921875 0.31640625 0.458984375
0 0.03515625 0.87109375 0.07421875 0.83203125 0.03515625 0.83203125 0.07421875 0.87109375
0 0.072265625 0.767578125 0.111328125 0.728515625 0.072265625 0.728515625 0.111328125 0.767578125
0 0.90234375 0.583984375 0.94140625 0.544921875 0.90234375 0.544921875 0.94140625 0.583984375
0 0.5859375 0.455078125 0.625 0.416015625 0.5859375 0.416015625 0.625 0.455078125
0 0.25390625 0.259765625 0.29296875 0.220703125 0.25390625 0.220703125 0.29296875 0.259765625
0 0.720703125 0.40234375 0.759765625 0.36328125 0.720703125 0.36328125 0.759765625 0.40234375
0 0.5234375 0.56640625 0.5625 0.52734375 0.5234375 0.52734375 0.5625 0.56640625
