0 0.07421875 0.671875 0.11328125 0.6328125 0.07421875 0.6328125 0.11328125 0.671875
0 0.71875 0.1171875 0.7578125 0.078125 0.71875 0.078125 0.7578125 0.1171875
0 0.88671875 0.244140625 0.92578125 0.205078125 0.88671875 0.205078125 0.92578125 0.244140625
0 0.66796875 0.6953125 0.70703125 0.65625 0.66796875 0.65625 0.70703125 0.6953125
0 0.333984375 0.53515625 0.373046875 0.49609375 0.333984375 0.49609375 0.373046875 0.53515625
0 0.716796875 0.548828125 0.755859375 0.509765625 0.716796875 0.509765625 0.755859375 0.548828125
0 0.759765625 0.83203125 0.798828125 0.79296875 0.759765625 0.79296875 0.798828125 0.83203125
0 0.515625 0.240234375 0.5546875 0.201171875 0.515625 0.201171875 0.5546875 0.240234375
0 0.759765625 0.849609375 0.798828125 0.810546875 0.759765625 0.810546875 0.798828125 0.849609375
0 0.662109375 0.478515625 0.701171875 0.439453125 0.662109375 0.439453125 0.701171875 0.478515625
