0 0.640625 0.255859375 0.6796875 0.216796875 0.640625 0.216796875 0.6796875 0.255859375
0 0.642578125 0.36328125 0.681640625 0.32421875 0.642578125 0.32421875 0.681640625 0.36328125
0 0.083984375 0.623046875 0.123046875 0.583984375 0.083984375 0.583984375 0.123046875 0.623046875
0 0.701171875 0.859375 0.740234375 0.8203125 0.701171875 0.8203125 0.740234375 0.859375
0 0.1484375 0.677734375 0.1875 0.638671875 0.1484375 0.638671875 0.1875 0.677734375
0 0.869140625 0.166015625 0.908203125 0.126953125 0.869140625 0.126953125 0.908203125 0.166015625
0 0.52734375 0.80859375 0.56640625 0.76953125 0.52734375 0.76953125 0.56640625 0.80859375
0 0.244140625 0.916015625 0.283203125 0.876953125 0.244140625 0.876953125 0.283203125 0.916015625
0 0.205078125 0.73828125 0.244140625 0.69921875 0.205078125 0.69921875 0.244140625 0.73828125
0 0.361328125 0.77734375 0.400390625 0.73828125 0.361328125 0.73828125 0.400390625 0.77734375
0 0.921875 0.654296875 0.9609375 0.615234375 0.921875 0.615234375 0.9609375 0.654296875
0 0.74609375 0.685546875 0.78515625 0.646484375 0.74609375 0.646484375 0.78515625 0.685546875
0 0.482421875 0.353515625 0.521484375 0.314453125 0.482421875 0.314453125 0.521484375 0.353515625
