0 0.60546875 0.328125 0.64453125 0.2890625 0.60546875 0.2890625 0.64453125 0.328125
0 0.384765625 0.818359375 0.423828125 0.779296875 0.384765625 0.779296875 0.423828125 0.818359375
0 0.162109375 0.1328125 0.201171875 0.09375 0.162109375 0.09375 0.201171875 0.1328125
0 0.046875 0.166015625 0.0859375 0.126953125 0.046875 0.126953125 0.0859375 0.166015625
0 0.548828125 0.25390625 0.587890625 0.21484375 0.548828125 0.21484375 0.587890625 0.25390625
0 0.302734375 0.7421875 0.341796875 0.703125 0.302734375 0.703125 0.341796875 0.7421875
0 0.75390625 0.5625 0.79296875 0.5234375 0.75390625 0.5234375 0.79296875 0.5625
0 0.87109375 0.498046875 0.91015625 0.458984375 0.87109375 0.458984375 0.91015625 0.498046875
0 0.0546875 0.8046875 0.09375 0.765625 0.0546875 0.765625 0.09375 0.8046875
0 0.484375 0.451171875 0.5234375 0.412109375 0.484375 0.412109375 0.5234375 0.451171875
0 0.806640625 0.642578125 0.845703125 0.603515625 0.806640625 0.603515625 0.845703125 0.642578125
0 0.341796875 0.626953125 0.380859375 0.587890625 0.341796875 0.587890625 0.380859375 0.626953125
0 0.50390625 0.826171875 0.54296875 0.787109375 0.50390625 0.787109375 0.54296875 0.826171875
