0 0.556640625 0.197265625 0.595703125 0.158203125 0.556640625 0.158203125 0.595703125 0.197265625
0 0.55859375 0.751953125 0.59765625 0.712890625 0.55859375 0.712890625 0.59765625 0.751953125
0 0.150390625 0.634765625 0.189453125 0.595703125 0.150390625 0.595703125 0.189453125 0.634765625
0 0.6484375 0.828125 0.6875 0.7890625 0.6484375 0.7890625 0.6875 0.828125
0 0.306640625 0.29296875 0.345703125 0.25390625 0.306640625 0.25390625 0.345703125 0.29296875
0 0.759765625 0.58984375 0.798828125 0.55078125 0.759765625 0.55078125 0.798828125 0.58984375
0 0.63671875 0.26953125 0.67578125 0.23046875 0.63671875 0.23046875 0.67578125 0.26953125
0 0.740234375 0.337890625 0.779296875 0.298828125 0.740234375 0.298828125 0.779296875 0.337890625
0 0.90234375 0.685546875 0.94140625 0.646484375 0.90234375 0.646484375 0.94140625 0.685546875
0 0.39453125 0.943359375 0.43359375 0.904296875 0.39453125 0.904296875 0.43359375 0.943359375
0 0.2578125 0.224609375 0.296875 0.185546875 0.2578125 0.185546875 0.296875 0.224609375
