0 0.12890625 0.546875 0.16796875 0.5078125 0.12890625 0.5078125 0.16796875 0.546875
0 0.77734375 0.58203125 0.81640625 0.54296875 0.77734375 0.54296875 0.81640625 0.58203125
0 0.43359375 0.091796875 0.47265625 0.052734375 0.43359375 0.052734375 0.47265625 0.091796875
0 0.421875 0.08984375 0.4609375 0.05078125 0.421875 0.05078125 0.4609375 0.08984375
0 0.1640625 0.326171875 0.203125 0.287109375 0.1640625 0.287109375 0.203125 0.326171875
0 0.92578125 0.73046875 0.96484375 0.69140625 0.92578125 0.69140625 0.96484375 0.73046875
0 0.09375 0.912109375 0.1328125 0.873046875 0.09375 0.873046875 0.1328125 0.912109375
0 0.134765625 0.421875 0.173828125 0.3828125 0.134765625 0.3828125 0.173828125 0.421875
0 0.349609375 0.1015625 0.388671875 0.0625 0.349609375 0.0625 0.388671875 0.1015625
0 0.4609375 0.369140625 0.5 0.330078125 0.4609375 0.330078125 0.5 0.369140625
0 0.33984375 0.80859375 0.37890625 0.76953125 0.33984375 0.76953125 0.37890625 0.80859375
0 0.234375 0.46484375 0.2734375 0.42578125 0.234375 0.42578125 0.2734375 0.46484375
