0 0.7421875 0.390625 0.78125 0.3515625 0.7421875 0.3515625 0.78125 0.390625
0 0.201171875 0.3125 0.240234375 0.2734375 0.201171875 0.2734375 0.240234375 0.3125
0 0.79296875 0.14453125 0.83203125 0.10546875 0.79296875 0.10546875 0.83203125 0.14453125
0 0.71484375 0.515625 0.75390625 0.4765625 0.71484375 0.4765625 0.75390625 0.515625
0 0.63671875 0.3203125 0.67578125 0.28125 0.63671875 0.28125 0.67578125 0.3203125
0 0.759765625 0.44140625 0.798828125 0.40234375 0.759765625 0.40234375 0.798828125 0.44140625
0 0.48046875 0.66015625 0.51953125 0.62109375 0.48046875 0.62109375 0.51953125 0.66015625
0 0.04296875 0.265625 0.08203125 0.2265625 0.04296875 0.2265625 0.08203125 0.265625
0 0.51953125 0.755859375 0.55859375 0.716796875 0.51953125 0.716796875 0.55859375 0.755859375
0 0.912109375 0.234375 0.951171875 0.1953125 0.912109375 0.1953125 0.951171875 0.234375
