0 0.4765625 0.486328125 0.515625 0.447265625 0.4765625 0.447265625 0.515625 0.486328125
0 0.03125 0.62890625 0.0703125 0.58984375 0.03125 0.58984375 0.0703125 0.62890625
0 0.8125 0.607421875 0.8515625 0.568359375 0.8125 0.568359375 0.8515625 0.607421875
0 0.62890625 0.14453125 0.66796875 0.10546875 0.62890625 0.10546875 0.66796875 0.14453125
0 0.32421875 0.29296875 0.36328125 0.25390625 0.32421875 0.25390625 0.36328125 0.29296875
0 0.236328125 0.115234375 0.275390625 0.076171875 0.236328125 0.076171875 0.275390625 0.115234375
0 0.357421875 0.267578125 0.396484375 0.228515625 0.357421875 0.228515625 0.396484375 0.267578125
0 0.0546875 0.76953125 0.09375 0.73046875 0.0546875 0.73046875 0.09375 0.76953125
0 0.048828125 0.78125 0.087890625 0.7421875 0.048828125 0.7421875 0.087890625 0.78125
0 0.265625 0.751953125 0.3046875 0.712890625 0.265625 0.712890625 0.3046875 0.751953125
0 0.197265625 0.34765625 0.236328125 0.30859375 0.197265625 0.30859375 0.236328125 0.34765625
0 0.21484375 0.392578125 0.25390625 0.353515625 0.21484375 0.353515625 0.25390625 0.392578125
0 0.38671875 0.283203125 0.42578125 0.244140625 0.38671875 0.244140625 0.42578125 0.283203125
