0 0.201171875 0.802734375 0.240234375 0.763671875 0.201171875 0.763671875 0.240234375 0.802734375
0 0.6953125 0.390625 0.734375 0.3515625 0.6953125 0.3515625 0.734375 0.390625
0 0.427734375 0.865234375 0.466796875 0.826171875 0.427734375 0.826171875 0.466796875 0.865234375
0 0.408203125 0.412109375 0.447265625 0.373046875 0.408203125 0.373046875 0.447265625 0.412109375
0 0.28515625 0.7109375 0.32421875 0.671875 0.28515625 0.671875 0.32421875 0.7109375
0 0.080078125 0.6953125 0.119140625 0.65625 0.080078125 0.65625 0.119140625 0.6953125
0 0.384765625 0.3359375 0.423828125 0.296875 0.384765625 0.296875 0.423828125 0.3359375
0 0.63671875 0.0859375 0.67578125 0.046875 0.63671875 0.046875 0.67578125 0.0859375
0 0.35546875 0.6015625 0.39453125 0.5625 0.35546875 0.5625 0.39453125 0.6015625
0 0.28515625 0.638671875 0.32421875 0.599609375 0.28515625 0.599609375 0.32421875 0.638671875
