0 0.578125 0.4375 0.6171875 0.3984375 0.578125 0.3984375 0.6171875 0.4375
0 0.634765625 0.931640625 0.673828125 0.892578125 0.634765625 0.892578125 0.673828125 0.931640625
0 0.896484375 0.39453125 0.935546875 0.35546875 0.896484375 0.35546875 0.935546875 0.39453125
0 0.298828125 0.525390625 0.337890625 0.486328125 0.298828125 0.486328125 0.337890625 0.525390625
0 0.22265625 0.126953125 0.26171875 0.087890625 0.22265625 0.087890625 0.26171875 0.126953125
0 0.0390625 0.400390625 0.078125 0.361328125 0.0390625 0.361328125 0.078125 0.400390625
0 0.115234375 0.07421875 0.154296875 0.03515625 0.115234375 0.03515625 0.154296875 0.07421875
0 0.58203125 0.681640625 0.62109375 0.642578125 0.58203125 0.642578125 0.62109375 0.681640625
0 0.318359375 0.12890625 0.357421875 0.08984375 0.318359375 0.08984375 0.357421875 0.12890625
0 0.3046875 0.80078125 0.34375 0.76171875 0.3046875 0.76171875 0.34375 0.80078125
0 0.1484375 0.69140625 0.1875 0.65234375 0.1484375 0.65234375 0.1875 0.69140625
0 0.33984375 0.3046875 0.37890625 0.265625 0.33984375 0.265625 0.37890625 0.3046875
