0 0.728515625 0.548828125 0.767578125 0.509765625 0.728515625 0.509765625 0.767578125 0.548828125
0 0.033203125 0.583984375 0.072265625 0.544921875 0.033203125 0.544921875 0.072265625 0.583984375
0 0.32421875 0.517578125 0.36328125 0.478515625 0.32421875 0.478515625 0.36328125 0.517578125
0 0.486328125 0.47265625 0.525390625 0.43359375 0.486328125 0.43359375 0.525390625 0.47265625
0 0.28515625 0.498046875 0.32421875 0.458984375 0.28515625 0.458984375 0.32421875 0.498046875
0 0.048828125 0.373046875 0.087890625 0.333984375 0.048828125 0.333984375 0.087890625 0.373046875
0 0.1796875 0.873046875 0.21875 0.833984375 0.1796875 0.833984375 0.21875 0.873046875
0 0.138671875 0.81640625 0.177734375 0.77734375 0.138671875 0.77734375 0.177734375 0.81640625
0 0.73046875 0.81640625 0.76953125 0.77734375 0.73046875 0.77734375 0.76953125 0.81640625
0 0.912109375 0.9453125 0.951171875 0.90625 0.912109375 0.90625 0.951171875 0.9453125
0 0.736328125 0.59765625 0.775390625 0.55859375 0.736328125 0.55859375 0.775390625 0.59765625
0 0.177734375 0.65234375 0.216796875 0.61328125 0.177734375 0.61328125 0.216796875 0.65234375
