0 0.359375 0.4609375 0.3984375 0.421875 0.359375 0.421875 0.3984375 0.4609375
0 0.78515625 0.443359375 0.82421875 0.404296875 0.78515625 0.404296875 0.82421875 0.443359375
0 0.525390625 0.205078125 0.564453125 0.166015625 0.525390625 0.166015625 0.564453125 0.205078125
0 0.55078125 0.365234375 0.58984375 0.326171875 0.55078125 0.326171875 0.58984375 0.365234375
0 0.634765625 0.802734375 0.673828125 0.763671875 0.634765625 0.763671875 0.673828125 0.802734375
0 0.869140625 0.958984375 0.908203125 0.919921875 0.869140625 0.919921875 0.908203125 0.958984375
0 0.16015625 0.1328125 0.19921875 0.09375 0.16015625 0.09375 0.19921875 0.1328125
0 0.060546875 0.6484375 0.099609375 0.609375 0.060546875 0.609375 0.099609375 0.6484375
0 0.521484375 0.177734375 0.560546875 0.138671875 0.521484375 0.138671875 0.560546875 0.177734375
0 0.662109375 0.18359375 0.701171875 0.14453125 0.662109375 0.14453125 0.701171875 0.18359375
0 0.830078125 0.939453125 0.869140625 0.900390625 0.830078125 0.900390625 0.869140625 0.939453125
0 0.65625 0.9296875 0.6953125 0.890625 0.65625 0.890625 0.6953125 0.9296875
0 0.048828125 0.77734375 0.087890625 0.73828125 0.048828125 0.73828125 0.087890625 0.77734375
