0 0.484375 0.31640625 0.5234375 0.27734375 0.484375 0.27734375 0.5234375 0.31640625
0 0.5546875 0.298828125 0.59375 0.259765625 0.5546875 0.259765625 0.59375 0.298828125
0 0.765625 0.8203125 0.8046875 0.78125 0.765625 0.78125 0.8046875 0.8203125
0 0.685546875 0.287109375 0.724609375 0.248046875 0.685546875 0.248046875 0.724609375 0.287109375
0 0.283203125 0.3125 0.322265625 0.2734375 0.283203125 0.2734375 0.322265625 0.3125
0 0.462890625 0.57421875 0.501953125 0.53515625 0.462890625 0.53515625 0.501953125 0.57421875
0 0.1171875 0.296875 0.15625 0.2578125 0.1171875 0.2578125 0.15625 0.296875
0 0.376953125 0.41015625 0.416015625 0.37109375 0.376953125 0.37109375 0.416015625 0.41015625
0 0.89453125 0.783203125 0.93359375 0.744140625 0.89453125 0.744140625 0.93359375 0.783203125
0 0.05859375 0.0859375 0.09765625 0.046875 0.05859375 0.046875 0.09765625 0.0859375
0 0.767578125 0.544921875 0.806640625 0.505859375 0.767578125 0.505859375 0.806640625 0.544921875
