0 0.599609375 0.541015625 0.638671875 0.501953125 0.599609375 0.501953125 0.638671875 0.541015625
0 0.4453125 0.4453125 0.484375 0.40625 0.4453125 0.40625 0.484375 0.4453125
0 0.091796875 0.220703125 0.130859375 0.181640625 0.091796875 0.181640625 0.130859375 0.220703125
0 0.46875 0.890625 0.5078125 0.8515625 0.46875 0.8515625 0.5078125 0.890625
0 0.736328125 0.07421875 0.775390625 0.03515625 0.736328125 0.03515625 0.775390625 0.07421875
0 0.8203125 0.296875 0.859375 0.2578125 0.8203125 0.2578125 0.859375 0.296875
0 0.11328125 0.94921875 0.15234375 0.91015625 0.11328125 0.91015625 0.15234375 0.94921875
0 0.82421875 0.484375 0.86328125 0.4453125 0.82421875 0.4453125 0.86328125 0.484375
0 0.9140625 0.169921875 0.953125 0.130859375 0.9140625 0.130859375 0.953125 0.169921875
0 0.771484375 0.66015625 0.810546875 0.62109375 0.771484375 0.62109375 0.810546875 0.66015625
0 0.814453125 0.3671875 0.853515625 0.328125 0.814453125 0.328125 0.853515625 0.3671875
