0 0.78515625 0.68359375 0.82421875 0.64453125 0.78515625 0.64453125 0.82421875 0.68359375
0 0.310546875 0.181640625 0.349609375 0.142578125 0.310546875 0.142578125 0.349609375 0.181640625
0 0.064453125 0.87890625 0.103515625 0.83984375 0.064453125 0.83984375 0.103515625 0.87890625
0 0.853515625 0.48828125 0.892578125 0.44921875 0.853515625 0.44921875 0.892578125 0.48828125
0 0.73046875 0.240234375 0.76953125 0.201171875 0.73046875 0.201171875 0.76953125 0.240234375
0 0.50390625 0.5390625 0.54296875 0.5 0.50390625 0.5 0.54296875 0.5390625
0 0.890625 0.681640625 0.9296875 0.642578125 0.890625 0.642578125 0.9296875 0.681640625
0 0.060546875 0.099609375 0.099609375 0.060546875 0.060546875 0.060546875 0.099609375 0.099609375
0 0.533203125 0.36328125 0.572265625 0.32421875 0.533203125 0.32421875 0.572265625 0.36328125
0 0.388671875 0.61328125 0.427734375 0.57421875 0.388671875 0.57421875 0.427734375 0.61328125
0 0.20703125 0.533203125 0.24609375 0.494140625 0.20703125 0.494140625 0.24609375 0.533203125
0 0.490234375 0.505859375 0.529296875 0.466796875 0.490234375 0.466796875 0.529296875 0.505859375
0 0.84765625 0.87890625 0.88671875 0.83984375 0.84765625 0.83984375 0.88671875 0.87890625
