0 0.626953125 0.115234375 0.666015625 0.076171875 0.626953125 0.076171875 0.666015625 0.115234375
0 0.904296875 0.541015625 0.943359375 0.501953125 0.904296875 0.501953125 0.943359375 0.541015625
0 0.615234375 0.87890625 0.654296875 0.83984375 0.615234375 0.83984375 0.654296875 0.87890625
0 0.474609375 0.701171875 0.513671875 0.662109375 0.474609375 0.662109375 0.513671875 0.701171875
0 0.267578125 0.46875 0.306640625 0.4296875 0.267578125 0.4296875 0.306640625 0.46875
0 0.056640625 0.64453125 0.095703125 0.60546875 0.056640625 0.60546875 0.095703125 0.64453125
0 0.560546875 0.9609375 0.599609375 0.921875 0.560546875 0.921875 0.599609375 0.9609375
0 0.64453125 0.67578125 0.68359375 0.63671875 0.64453125 0.63671875 0.68359375 0.67578125
0 0.23046875 0.490234375 0.26953125 0.451171875 0.23046875 0.451171875 0.26953125 0.490234375
0 0.580078125 0.203125 0.619140625 0.1640625 0.580078125 0.1640625 0.619140625 0.203125
