0 0.443359375 0.767578125 0.482421875 0.728515625 0.443359375 0.728515625 0.482421875 0.767578125
0 0.041015625 0.3046875 0.080078125 0.265625 0.041015625 0.265625 0.080078125 0.3046875
0 0.22265625 0.64453125 0.26171875 0.60546875 0.22265625 0.60546875 0.26171875 0.64453125
0 0.8515625 0.9375 0.890625 0.8984375 0.8515625 0.8984375 0.890625 0.9375
0 0.265625 0.8515625 0.3046875 0.8125 0.265625 0.8125 0.3046875 0.8515625
0 0.228515625 0.84765625 0.267578125 0.80859375 0.228515625 0.80859375 0.267578125 0.84765625
0 0.5078125 0.861328125 0.546875 0.822265625 0.5078125 0.822265625 0.546875 0.861328125
0 0.830078125 0.55078125 0.869140625 0.51171875 0.830078125 0.51171875 0.869140625 0.55078125
0 0.779296875 0.072265625 0.818359375 0.033203125 0.779296875 0.033203125 0.818359375 0.072265625
0 0.474609375 0.591796875 0.513671875 0.552734375 0.474609375 0.552734375 0.513671875 0.591796875
0 0.326171875 0.078125 0.365234375 0.0390625 0.326171875 0.0390625 0.365234375 0.078125
