0 0.07421875 0.232421875 0.11328125 0.193359375 0.07421875 0.193359375 0.11328125 0.232421875
0 0.443359375 0.44921875 0.482421875 0.41015625 0.443359375 0.41015625 0.482421875 0.44921875
0 0.3125 0.41796875 0.3515625 0.37890625 0.3125 0.37890625 0.3515625 0.41796875
0 0.662109375 0.6328125 0.701171875 0.59375 0.662109375 0.59375 0.701171875 0.6328125
0 0.62109375 0.501953125 0.66015625 0.462890625 0.62109375 0.462890625 0.66015625 0.501953125
0 0.4296875 0.740234375 0.46875 0.701171875 0.4296875 0.701171875 0.46875 0.740234375
0 0.732421875 0.6640625 0.771484375 0.625 0.732421875 0.625 0.771484375 0.6640625
0 0.3203125 0.806640625 0.359375 0.767578125 0.3203125 0.767578125 0.359375 0.806640625
0 0.314453125 0.453125 0.353515625 0.4140625 0.314453125 0.4140625 0.353515625 0.453125
0 0.72265625 0.626953125 0.76171875 0.587890625 0.72265625 0.587890625 0.76171875 0.626953125
0 0.255859375 0.5859375 0.294921875 0.546875 0.255859375 0.546875 0.294921875 0.5859375
0 0.46484375 0.453125 0.50390625 0.4140625 0.46484375 0.4140625 0.50390625 0.453125
0 0.61328125 0.48046875 0.65234375 0.44140625 0.61328125 0.44140625 0.65234375 0.48046875
