0 0.71484375 0.662109375 0.75390625 0.623046875 0.71484375 0.623046875 0.75390625 0.662109375
0 0.796875 0.8515625 0.8359375 0.8125 0.796875 0.8125 0.8359375 0.8515625
0 0.369140625 0.328125 0.408203125 0.2890625 0.369140625 0.2890625 0.408203125 0.328125
0 0.3046875 0.1015625 0.34375 0.0625 0.3046875 0.0625 0.34375 0.1015625
0 0.31640625 0.755859375 0.35546875 0.716796875 0.31640625 0.716796875 0.35546875 0.755859375
0 0.447265625 0.943359375 0.486328125 0.904296875 0.447265625 0.904296875 0.486328125 0.943359375
0 0.0625 0.546875 0.1015625 0.5078125 0.0625 0.5078125 0.1015625 0.546875
0 0.537109375 0.357421875 0.576171875 0.318359375 0.537109375 0.318359375 0.576171875 0.357421875
0 0.029296875 0.490234375 0.068359375 0.451171875 0.029296875 0.451171875 0.068359375 0.490234375
0 0.19140625 0.884765625 0.23046875 0.845703125 0.19140625 0.845703125 0.23046875 0.884765625
0 0.26953125 0.482421875 0.30859375 0.443359375 0.26953125 0.443359375 0.30859375 0.482421875
0 0.6953125 0.517578125 0.734375 0.478515625 0.6953125 0.478515625 0.734375 0.517578125
0 0.724609375 0.478515625 0.763671875 0.439453125 0.724609375 0.439453125 0.763671875 0.478515625
