0 0.056640625 0.23046875 0.095703125 0.19140625 0.056640625 0.19140625 0.095703125 0.23046875
0 0.53515625 0.85546875 0.57421875 0.81640625 0.53515625 0.81640625 0.57421875 0.85546875
0 0.396484375 0.779296875 0.435546875 0.740234375 0.396484375 0.740234375 0.435546875 0.779296875
0 0.365234375 0.099609375 0.404296875 0.060546875 0.365234375 0.060546875 0.404296875 0.099609375
0 0.05078125 0.072265625 0.08984375 0.033203125 0.05078125 0.033203125 0.08984375 0.072265625
0 0.841796875 0.951171875 0.880859375 0.912109375 0.841796875 0.912109375 0.880859375 0.951171875
0 0.109375 0.72265625 0.1484375 0.68359375 0.109375 0.68359375 0.1484375 0.72265625
0 0.125 0.396484375 0.1640625 0.357421875 0.125 0.357421875 0.1640625 0.396484375
0 0.115234375 0.30078125 0.154296875 0.26171875 0.115234375 0.26171875 0.154296875 0.30078125
0 0.33984375 0.654296875 0.37890625 0.615234375 0.33984375 0.615234375 0.37890625 0.654296875
0 0.904296875 0.802734375 0.943359375 0.763671875 0.904296875 0.763671875 0.943359375 0.802734375
0 0.404296875 0.54296875 0.443359375 0.50390625 0.404296875 0.50390625 0.443359375 0.54296875
0 0.828125 0.712890625 0.8671875 0.673828125 0.828125 0.673828125 0.8671875 0.712890625
0 0.490234375 0.71875 0.529296875 0.6796875 0.490234375 0.6796875 0.529296875 0.71875
