0 0.24609375 0.37109375 0.28515625 0.33203125 0.24609375 0.33203125 0.28515625 0.37109375
0 0.529296875 0.736328125 0.568359375 0.697265625 0.529296875 0.697265625 0.568359375 0.736328125
0 0.447265625 0.244140625 0.486328125 0.205078125 0.447265625 0.205078125 0.486328125 0.244140625
0 0.46484375 0.181640625 0.50390625 0.142578125 0.46484375 0.142578125 0.50390625 0.181640625
0 0.412109375 0.890625 0.451171875 0.8515625 0.412109375 0.8515625 0.451171875 0.890625
0 0.541015625 0.818359375 0.580078125 0.779296875 0.541015625 0.779296875 0.580078125 0.818359375
0 0.78515625 0.306640625 0.82421875 0.267578125 0.78515625 0.267578125 0.82421875 0.306640625
0 0.041015625 0.66015625 0.080078125 0.62109375 0.041015625 0.62109375 0.080078125 0.66015625
0 0.888671875 0.80859375 0.927734375 0.76953125 0.888671875 0.76953125 0.927734375 0.80859375
0 0.392578125 0.11328125 0.431640625 0.07421875 0.392578125 0.07421875 0.431640625 0.11328125
0 0.771484375 0.669921875 0.810546875 0.630859375 0.771484375 0.630859375 0.810546875 0.669921875
0 0.484375 0.609375 0.5234375 0.5703125 0.484375 0.5703125 0.5234375 0.609375
0 0.810546875 0.59375 0.849609375 0.5546875 0.810546875 0.5546875 0.849609375 0.59375
0 0.72265625 0.24609375 0.76171875 0.20703125 0.72265625 0.20703125 0.76171875 0.24609375
