0 0.556640625 0.67578125 0.595703125 0.63671875 0.556640625 0.63671875 0.595703125 0.67578125
0 0.15234375 0.28125 0.19140625 0.2421875 0.15234375 0.2421875 0.19140625 0.28125
0 0.146484375 0.955078125 0.185546875 0.916015625 0.146484375 0.916015625 0.185546875 0.955078125
0 0.537109375 0.69921875 0.576171875 0.66015625 0.537109375 0.66015625 0.576171875 0.69921875
0 0.2265625 0.359375 0.265625 0.3203125 0.2265625 0.3203125 0.265625 0.359375
0 0.916015625 0.6875 0.955078125 0.6484375 0.916015625 0.6484375 0.955078125 0.6875
0 0.787109375 0.861328125 0.826171875 0.822265625 0.787109375 0.822265625 0.826171875 0.861328125
0 0.73046875 0.47265625 0.76953125 0.43359375 0.73046875 0.43359375 0.76953125 0.47265625
0 0.26171875 0.078125 0.30078125 0.0390625 0.26171875 0.0390625 0.30078125 0.078125
0 0.490234375 0.458984375 0.529296875 0.419921875 0.490234375 0.419921875 0.529296875 0.458984375
0 0.646484375 0.931640625 0.685546875 0.892578125 0.646484375 0.892578125 0.685546875 0.931640625
0 0.1015625 0.888671875 0.140625 0.849609375 0.1015625 0.849609375 0.140625 0.888671875
0 0.572265625 0.939453125 0.611328125 0.900390625 0.572265625 0.900390625 0.611328125 0.939453125
0 0.0859375 0.939453125 0.125 0.900390625 0.0859375 0.900390625 0.125 0.939453125
