0 0.080078125 0.607421875 0.119140625 0.568359375 0.080078125 0.568359375 0.119140625 0.607421875
0 0.185546875 0.119140625 0.224609375 0.080078125 0.185546875 0.080078125 0.224609375 0.119140625
0 0.49609375 0.6875 0.53515625 0.6484375 0.49609375 0.6484375 0.53515625 0.6875
0 0.767578125 0.294921875 0.806640625 0.255859375 0.767578125 0.255859375 0.806640625 0.294921875
0 0.455078125 0.3359375 0.494140625 0.296875 0.455078125 0.296875 0.494140625 0.3359375
0 0.283203125 0.9140625 0.322265625 0.875 0.283203125 0.875 0.322265625 0.9140625
0 0.3984375 0.34765625 0.4375 0.30859375 0.3984375 0.30859375 0.4375 0.34765625
0 0.138671875 0.62109375 0.177734375 0.58203125 0.138671875 0.58203125 0.177734375 0.62109375
0 0.69921875 0.884765625 0.73828125 0.845703125 0.69921875 0.845703125 0.73828125 0.884765625
0 0.484375 0.6953125 0.5234375 0.65625 0.484375 0.65625 0.5234375 0.6953125
0 0.14453125 0.275390625 0.18359375 0.236328125 0.14453125 0.236328125 0.18359375 0.275390625
