0 0.26171875 0.18359375 0.30078125 0.14453125 0.26171875 0.14453125 0.30078125 0.18359375
0 0.919921875 0.791015625 0.958984375 0.751953125 0.919921875 0.751953125 0.958984375 0.791015625
0 0.29296875 0.37890625 0.33203125 0.33984375 0.29296875 0.33984375 0.33203125 0.37890625
0 0.38671875 0.8515625 0.42578125 0.8125 0.38671875 0.8125 0.42578125 0.8515625
0 0.779296875 0.091796875 0.818359375 0.052734375 0.779296875 0.052734375 0.818359375 0.091796875
0 0.6796875 0.9375 0.71875 0.8984375 0.6796875 0.8984375 0.71875 0.9375
0 0.57421875 0.66015625 0.61328125 0.62109375 0.57421875 0.62109375 0.61328125 0.66015625
0 0.216796875 0.41796875 0.255859375 0.37890625 0.216796875 0.37890625 0.255859375 0.41796875
0 0.087890625 0.244140625 0.126953125 0.205078125 0.087890625 0.205078125 0.126953125 0.244140625
0 0.11328125 0.787109375 0.15234375 0.748046875 0.11328125 0.748046875 0.15234375 0.787109375
