0 0.23046875 0.75390625 0.26953125 0.71484375 0.23046875 0.71484375 0.26953125 0.75390625
0 0.333984375 0.771484375 0.373046875 0.732421875 0.333984375 0.732421875 0.373046875 0.771484375
0 0.2265625 0.505859375 0.265625 0.466796875 0.2265625 0.466796875 0.265625 0.505859375
0 0.345703125 0.224609375 0.384765625 0.185546875 0.345703125 0.185546875 0.384765625 0.224609375
0 0.087890625 0.912109375 0.126953125 0.873046875 0.087890625 0.873046875 0.126953125 0.912109375
0 0.560546875 0.84765625 0.599609375 0.80859375 0.560546875 0.80859375 0.599609375 0.84765625
0 0.1953125 0.515625 0.234375 0.4765625 0.1953125 0.4765625 0.234375 0.515625
0 0.0859375 0.1328125 0.125 0.09375 0.0859375 0.09375 0.125 0.1328125
0 0.166015625 0.728515625 0.205078125 0.689453125 0.166015625 0.689453125 0.205078125 0.728515625
0 0.46484375 0.79296875 0.50390625 0.75390625 0.46484375 0.75390625 0.50390625 0.79296875
