0 0.720703125 0.341796875 0.759765625 0.302734375 0.720703125 0.302734375 0.759765625 0.341796875
0 0.638671875 0.392578125 0.677734375 0.353515625 0.638671875 0.353515625 0.677734375 0.392578125
0 0.076171875 0.685546875 0.115234375 0.646484375 0.076171875 0.646484375 0.115234375 0.685546875
0 0.421875 0.787109375 0.4609375 0.748046875 0.421875 0.748046875 0.4609375 0.787109375
0 0.349609375 0.77734375 0.388671875 0.73828125 0.349609375 0.73828125 0.388671875 0.77734375
0 0.583984375 0.892578125 0.623046875 0.853515625 0.583984375 0.853515625 0.623046875 0.892578125
0 0.205078125 0.140625 0.244140625 0.1015625 0.205078125 0.1015625 0.244140625 0.140625
0 0.818359375 0.341796875 0.857421875 0.302734375 0.818359375 0.302734375 0.857421875 0.341796875
0 0.6953125 0.849609375 0.734375 0.810546875 0.6953125 0.810546875 0.734375 0.849609375
0 0.796875 0.388671875 0.8359375 0.349609375 0.796875 0.349609375 0.8359375 0.388671875
0 0.287109375 0.51953125 0.326171875 0.48046875 0.287109375 0.48046875 0.326171875 0.51953125
