0 0.23046875 0.7421875 0.26953125 0.703125 0.23046875 0.703125 0.26953125 0.7421875
0 0.560546875 0.091796875 0.599609375 0.052734375 0.560546875 0.052734375 0.599609375 0.091796875
0 0.240234375 0.265625 0.279296875 0.2265625 0.240234375 0.2265625 0.279296875 0.265625
0 0.720703125 0.81640625 0.759765625 0.77734375 0.720703125 0.77734375 0.759765625 0.81640625
0 0.1015625 0.359375 0.140625 0.3203125 0.1015625 0.3203125 0.140625 0.359375
0 0.513671875 0.43359375 0.552734375 0.39453125 0.513671875 0.39453125 0.552734375 0.43359375
0 0.66015625 0.6953125 0.69921875 0.65625 0.66015625 0.65625 0.69921875 0.6953125
0 0.6953125 0.771484375 0.734375 0.732421875 0.6953125 0.732421875 0.734375 0.771484375
0 0.822265625 0.22265625 0.861328125 0.18359375 0.822265625 0.18359375 0.861328125 0.22265625
0 0.666015625 0.203125 0.705078125 0.1640625 0.666015625 0.1640625 0.705078125 0.203125
0 0.140625 0.220703125 0.1796875 0.181640625 0.140625 0.181640625 0.1796875 0.220703125
