0 0.9140625 0.40234375 0.953125 0.36328125 0.9140625 0.36328125 0.953125 0.40234375
0 0.37109375 0.173828125 0.41015625 0.134765625 0.37109375 0.134765625 0.41015625 0.173828125
0 0.16015625 0.21484375 0.19921875 0.17578125 0.16015625 0.17578125 0.19921875 0.21484375
0 0.07421875 0.775390625 0.11328125 0.736328125 0.07421875 0.736328125 0.11328125 0.775390625
0 0.265625 0.541015625 0.3046875 0.501953125 0.265625 0.501953125 0.3046875 0.541015625
0 0.62890625 0.494140625 0.66796875 0.455078125 0.62890625 0.455078125 0.66796875 0.494140625
0 0.11328125 0.654296875 0.15234375 0.615234375 0.11328125 0.615234375 0.15234375 0.654296875
0 0.25 0.462890625 0.2890625 0.423828125 0.25 0.423828125 0.2890625 0.462890625
0 0.302734375 0.5703125 0.341796875 0.53125 0.302734375 0.53125 0.341796875 0.5703125
0 0.21484375 0.166015625 0.25390625 0.126953125 0.21484375 0.126953125 0.25390625 0.166015625
0 0.6875 0.734375 0.7265625 0.6953125 0.6875 0.6953125 0.7265625 0.734375
0 0.24609375 0.87109375 0.28515625 0.83203125 0.24609375 0.83203125 0.28515625 0.87109375
0 0.056640625 0.224609375 0.095703125 0.185546875 0.056640625 0.185546875 0.095703125 0.224609375
0 0.642578125 0.5234375 0.681640625 0.484375 0.642578125 0.484375 0.681640625 0.5234375
