0 0.87890625 0.580078125 0.91796875 0.541015625 0.87890625 0.541015625 0.91796875 0.580078125
0 0.8203125 0.818359375 0.859375 0.779296875 0.8203125 0.779296875 0.859375 0.818359375
0 0.8515625 0.40625 0.890625 0.3671875 0.8515625 0.3671875 0.890625 0.40625
0 0.255859375 0.42578125 0.294921875 0.38671875 0.255859375 0.38671875 0.294921875 0.42578125
0 0.28515625 0.107421875 0.32421875 0.068359375 0.28515625 0.068359375 0.32421875 0.107421875
0 0.87109375 0.826171875 0.91015625 0.787109375 0.87109375 0.787109375 0.91015625 0.826171875
0 0.91015625 0.650390625 0.94921875 0.611328125 0.91015625 0.611328125 0.94921875 0.650390625
0 0.466796875 0.16015625 0.505859375 0.12109375 0.466796875 0.12109375 0.505859375 0.16015625
0 0.701171875 0.736328125 0.740234375 0.697265625 0.701171875 0.697265625 0.740234375 0.736328125
0 0.203125 0.349609375 0.2421875 0.310546875 0.203125 0.310546875 0.2421875 0.349609375
0 0.18359375 0.42578125 0.22265625 0.38671875 0.18359375 0.38671875 0.22265625 0.42578125
0 0.80859375 0.498046875 0.84765625 0.458984375 0.80859375 0.458984375 0.84765625 0.498046875
0 0.474609375 0.427734375 0.513671875 0.388671875 0.474609375 0.388671875 0.513671875 0.427734375
