0 0.81640625 0.4765625 0.85546875 0.4375 0.81640625 0.4375 0.85546875 0.4765625
0 0.904296875 0.93359375 0.943359375 0.89453125 0.904296875 0.89453125 0.943359375 0.93359375
0 0.8984375 0.888671875 0.9375 0.849609375 0.8984375 0.849609375 0.9375 0.888671875
0 0.720703125 0.25 0.759765625 0.2109375 0.720703125 0.2109375 0.759765625 0.25
0 0.798828125 0.380859375 0.837890625 0.341796875 0.798828125 0.341796875 0.837890625 0.380859375
0 0.033203125 0.505859375 0.072265625 0.466796875 0.033203125 0.466796875 0.072265625 0.505859375
0 0.619140625 0.947265625 0.658203125 0.908203125 0.619140625 0.908203125 0.658203125 0.947265625
0 0.53515625 0.509765625 0.57421875 0.470703125 0.53515625 0.470703125 0.57421875 0.509765625
0 0.732421875 0.283203125 0.771484375 0.244140625 0.732421875 0.244140625 0.771484375 0.283203125
0 0.8984375 0.447265625 0.9375 0.408203125 0.8984375 0.408203125 0.9375 0.447265625
0 0.65625 0.830078125 0.6953125 0.791015625 0.65625 0.791015625 0.6953125 0.830078125
0 0.3203125 0.908203125 0.359375 0.869140625 0.3203125 0.869140625 0.359375 0.908203125
0 0.103515625 0.796875 0.142578125 0.7578125 0.103515625 0.7578125 0.142578125 0.796875
0 0.46484375 0.720703125 0.50390625 0.681640625 0.46484375 0.681640625 0.50390625 0.720703125
