0 0.298828125 0.265625 0.337890625 0.2265625 0.298828125 0.2265625 0.337890625 0.265625
0 0.0625 0.08984375 0.1015625 0.05078125 0.0625 0.05078125 0.1015625 0.08984375
0 0.091796875 0.19140625 0.130859375 0.15234375 0.091796875 0.15234375 0.130859375 0.19140625
0 0.552734375 0.87109375 0.591796875 0.83203125 0.552734375 0.83203125 0.591796875 0.87109375
0 0.119140625 0.087890625 0.158203125 0.048828125 0.119140625 0.048828125 0.158203125 0.087890625
0 0.44140625 0.775390625 0.48046875 0.736328125 0.44140625 0.736328125 0.48046875 0.775390625
0 0.591796875 0.7421875 0.630859375 0.703125 0.591796875 0.703125 0.630859375 0.7421875
0 0.03515625 0.876953125 0.07421875 0.837890625 0.03515625 0.837890625 0.07421875 0.876953125
0 0.146484375 0.734375 0.185546875 0.6953125 0.146484375 0.6953125 0.185546875 0.734375
0 0.767578125 0.849609375 0.806640625 0.810546875 0.767578125 0.810546875 0.806640625 0.849609375
0 0.109375 0.48046875 0.1484375 0.44140625 0.109375 0.44140625 0.1484375 0.48046875
0 0.38671875 0.900390625 0.42578125 0.861328125 0.38671875 0.861328125 0.42578125 0.900390625
0 0.123046875 0.294921875 0.162109375 0.255859375 0.123046875 0.255859375 0.162109375 0.294921875
