0 0.3125 0.736328125 0.3515625 0.697265625 0.3125 0.697265625 0.3515625 0.736328125
0 0.287109375 0.521484375 0.326171875 0.482421875 0.287109375 0.482421875 0.326171875 0.521484375
0 0.8515625 0.7109375 0.890625 0.671875 0.8515625 0.671875 0.890625 0.7109375
0 0.810546875 0.22265625 0.849609375 0.18359375 0.810546875 0.18359375 0.849609375 0.22265625
0 0.732421875 0.904296875 0.771484375 0.865234375 0.732421875 0.865234375 0.771484375 0.904296875
0 0.16796875 0.490234375 0.20703125 0.451171875 0.16796875 0.451171875 0.20703125 0.490234375
0 0.50390625 0.111328125 0.54296875 0.072265625 0.50390625 0.072265625 0.54296875 0.111328125
0 0.4921875 0.60546875 0.53125 0.56640625 0.4921875 0.56640625 0.53125 0.60546875
0 0.294921875 0.19140625 0.333984375 0.15234375 0.294921875 0.15234375 0.333984375 0.19140625
0 0.53125 0.072265625 0.5703125 0.033203125 0.53125 0.033203125 0.5703125 0.072265625
0 0.15234375 0.953125 0.19140625 0.9140625 0.15234375 0.9140625 0.19140625 0.953125
