0 0.353515625 0.388671875 0.392578125 0.349609375 0.353515625 0.349609375 0.392578125 0.388671875
0 0.611328125 0.400390625 0.650390625 0.361328125 0.611328125 0.361328125 0.650390625 0.400390625
0 0.212890625 0.4921875 0.251953125 0.453125 0.212890625 0.453125 0.251953125 0.4921875
0 0.458984375 0.78515625 0.498046875 0.74609375 0.458984375 0.74609375 0.498046875 0.78515625
0 0.796875 0.798828125 0.8359375 0.759765625 0.796875 0.759765625 0.8359375 0.798828125
0 0.44140625 0.90234375 0.48046875 0.86328125 0.44140625 0.86328125 0.48046875 0.90234375
0 0.794921875 0.54296875 0.833984375 0.50390625 0.794921875 0.50390625 0.833984375 0.54296875
0 0.76171875 0.876953125 0.80078125 0.837890625 0.76171875 0.837890625 0.80078125 0.876953125
0 0.619140625 0.76953125 0.658203125 0.73046875 0.619140625 0.73046875 0.658203125 0.76953125
0 0.49609375 0.912109375 0.53515625 0.873046875 0.49609375 0.873046875 0.53515625 0.912109375
0 0.3828125 0.802734375 0.421875 0.763671875 0.3828125 0.763671875 0.421875 0.802734375
