0 0.361328125 0.5625 0.400390625 0.5234375 0.361328125 0.5234375 0.400390625 0.5625
0 0.1875 0.681640625 0.2265625 0.642578125 0.1875 0.642578125 0.2265625 0.681640625
0 0.4609375 0.208984375 0.5 0.169921875 0.4609375 0.169921875 0.5 0.208984375
0 0.228515625 0.298828125 0.267578125 0.259765625 0.228515625 0.259765625 0.267578125 0.298828125
0 0.7421875 0.13671875 0.78125 0.09765625 0.7421875 0.09765625 0.78125 0.13671875
0 0.81640625 0.240234375 0.85546875 0.201171875 0.81640625 0.201171875 0.85546875 0.240234375
0 0.44140625 0.298828125 0.48046875 0.259765625 0.44140625 0.259765625 0.48046875 0.298828125
0 0.78125 0.46875 0.8203125 0.4296875 0.78125 0.4296875 0.8203125 0.46875
0 0.298828125 0.9140625 0.337890625 0.875 0.298828125 0.875 0.337890625 0.9140625
0 0.697265625 0.734375 0.736328125 0.6953125 0.697265625 0.6953125 0.736328125 0.734375
