0 0.92578125 0.708984375 0.96484375 0.669921875 0.92578125 0.669921875 0.96484375 0.708984375
0 0.080078125 0.369140625 0.119140625 0.330078125 0.080078125 0.330078125 0.119140625 0.369140625
0 0.55078125 0.677734375 0.58984375 0.638671875 0.55078125 0.638671875 0.58984375 0.677734375
0 0.326171875 0.484375 0.365234375 0.4453125 0.326171875 0.4453125 0.365234375 0.484375
0 0.6640625 0.75 0.703125 0.7109375 0.6640625 0.7109375 0.703125 0.75
0 0.38671875 0.66015625 0.42578125 0.62109375 0.38671875 0.62109375 0.42578125 0.66015625
0 0.7890625 0.73046875 0.828125 0.69140625 0.7890625 0.69140625 0.828125 0.73046875
0 0.732421875 0.2890625 0.771484375 0.25 0.732421875 0.25 0.771484375 0.2890625
0 0.88671875 0.521484375 0.92578125 0.482421875 0.88671875 0.482421875 0.92578125 0.521484375
0 0.650390625 0.830078125 0.689453125 0.791015625 0.650390625 0.791015625 0.689453125 0.830078125
0 0.54296875 0.546875 0.58203125 0.5078125 0.54296875 0.5078125 0.58203125 0.546875
0 0.6015625 0.451171875 0.640625 0.412109375 0.6015625 0.412109375 0.640625 0.451171875
