0 0.90234375 0.576171875 0.94140625 0.537109375 0.90234375 0.537109375 0.94140625 0.576171875
0 0.900390625 0.25 0.939453125 0.2109375 0.900390625 0.2109375 0.939453125 0.25
0 0.3125 0.259765625 0.3515625 0.220703125 0.3125 0.220703125 0.3515625 0.259765625
0 0.310546875 0.419921875 0.349609375 0.380859375 0.310546875 0.380859375 0.349609375 0.419921875
0 0.830078125 0.142578125 0.869140625 0.103515625 0.830078125 0.103515625 0.869140625 0.142578125
0 0.04296875 0.400390625 0.08203125 0.361328125 0.04296875 0.361328125 0.08203125 0.400390625
0 0.783203125 0.607421875 0.822265625 0.568359375 0.783203125 0.568359375 0.822265625 0.607421875
0 0.43359375 0.69921875 0.47265625 0.66015625 0.43359375 0.66015625 0.47265625 0.69921875
0 0.6328125 0.720703125 0.671875 0.681640625 0.6328125 0.681640625 0.671875 0.720703125
0 0.748046875 0.115234375 0.787109375 0.076171875 0.748046875 0.076171875 0.787109375 0.115234375
0 0.84375 0.080078125 0.8828125 0.041015625 0.84375 0.041015625 0.8828125 0.080078125
0 0.2109375 0.09375 0.25 0.0546875 0.2109375 0.0546875 0.25 0.09375
0 0.3671875 0.708984375 0.40625 0.669921875 0.3671875 0.669921875 0.40625 0.708984375
