0 0.046875 0.79296875 0.0859375 0.75390625 0.046875 0.75390625 0.0859375 0.79296875
0 0.171875 0.638671875 0.2109375 0.599609375 0.171875 0.599609375 0.2109375 0.638671875
0 0.822265625 0.841796875 0.861328125 0.802734375 0.822265625 0.802734375 0.861328125 0.841796875
0 0.109375 0.21875 0.1484375 0.1796875 0.109375 0.1796875 0.1484375 0.21875
0 0.447265625 0.12890625 0.486328125 0.08984375 0.447265625 0.08984375 0.486328125 0.12890625
0 0.892578125 0.1171875 0.931640625 0.078125 0.892578125 0.078125 0.931640625 0.1171875
0 0.607421875 0.6640625 0.646484375 0.625 0.607421875 0.625 0.646484375 0.6640625
0 0.1015625 0.46875 0.140625 0.4296875 0.1015625 0.4296875 0.140625 0.46875
0 0.8984375 0.572265625 0.9375 0.533203125 0.8984375 0.533203125 0.9375 0.572265625
0 0.181640625 0.82421875 0.220703125 0.78515625 0.181640625 0.78515625 0.220703125 0.82421875
0 0.8515625 0.4140625 0.890625 0.375 0.8515625 0.375 0.890625 0.4140625
0 0.33203125 0.474609375 0.37109375 0.435546875 0.33203125 0.435546875 0.37109375 0.474609375
0 0.734375 0.80078125 0.7734375 0.76171875 0.734375 0.76171875 0.7734375 0.80078125
