0 0.921875 0.318359375 0.9609375 0.279296875 0.921875 0.279296875 0.9609375 0.318359375
0 0.603515625 0.33984375 0.642578125 0.30078125 0.603515625 0.30078125 0.642578125 0.33984375
0 0.828125 0.646484375 0.8671875 0.607421875 0.828125 0.607421875 0.8671875 0.646484375
0 0.599609375 0.6640625 0.638671875 0.625 0.599609375 0.625 0.638671875 0.6640625
0 0.841796875 0.349609375 0.880859375 0.310546875 0.841796875 0.310546875 0.880859375 0.349609375
0 0.21484375 0.251953125 0.25390625 0.212890625 0.21484375 0.212890625 0.25390625 0.251953125
0 0.73046875 0.48828125 0.76953125 0.44921875 0.73046875 0.44921875 0.76953125 0.48828125
0 0.55078125 0.1796875 0.58984375 0.140625 0.55078125 0.140625 0.58984375 0.1796875
0 0.876953125 0.359375 0.916015625 0.3203125 0.876953125 0.3203125 0.916015625 0.359375
0 0.24609375 0.525390625 0.28515625 0.486328125 0.24609375 0.486328125 0.28515625 0.525390625
