0 0.46875 0.533203125 0.5078125 0.494140625 0.46875 0.494140625 0.5078125 0.533203125
0 0.134765625 0.953125 0.173828125 0.9140625 0.134765625 0.9140625 0.173828125 0.953125
0 0.162109375 0.703125 0.201171875 0.6640625 0.162109375 0.6640625 0.201171875 0.703125
0 0.47265625 0.650390625 0.51171875 0.611328125 0.47265625 0.611328125 0.51171875 0.650390625
0 0.1640625 0.958984375 0.203125 0.919921875 0.1640625 0.919921875 0.203125 0.958984375
0 0.404296875 0.865234375 0.443359375 0.826171875 0.404296875 0.826171875 0.443359375 0.865234375
0 0.779296875 0.95703125 0.818359375 0.91796875 0.779296875 0.91796875 0.818359375 0.95703125
0 0.73046875 0.591796875 0.76953125 0.552734375 0.73046875 0.552734375 0.76953125 0.591796875
0 0.076171875 0.609375 0.115234375 0.5703125 0.076171875 0.5703125 0.115234375 0.609375
0 0.275390625 0.544921875 0.314453125 0.505859375 0.275390625 0.505859375 0.314453125 0.544921875
0 0.68359375 0.52734375 0.72265625 0.48828125 0.68359375 0.48828125 0.72265625 0.52734375
