0 0.7421875 0.458984375 0.78125 0.419921875 0.7421875 0.419921875 0.78125 0.458984375
0 0.705078125 0.236328125 0.744140625 0.197265625 0.705078125 0.197265625 0.744140625 0.236328125
0 0.294921875 0.453125 0.333984375 0.4140625 0.294921875 0.4140625 0.333984375 0.453125
0 0.626953125 0.337890625 0.666015625 0.298828125 0.626953125 0.298828125 0.666015625 0.337890625
0 0.734375 0.49609375 0.7734375 0.45703125 0.734375 0.45703125 0.7734375 0.49609375
0 0.525390625 0.556640625 0.564453125 0.517578125 0.525390625 0.517578125 0.564453125 0.556640625
0 0.12109375 0.330078125 0.16015625 0.291015625 0.12109375 0.291015625 0.16015625 0.330078125
0 0.21484375 0.1796875 0.25390625 0.140625 0.21484375 0.140625 0.25390625 0.1796875
0 0.18359375 0.513671875 0.22265625 0.474609375 0.18359375 0.474609375 0.22265625 0.513671875
0 0.412109375 0.130859375 0.451171875 0.091796875 0.412109375 0.091796875 0.451171875 0.130859375
