0 0.1875 0.619140625 0.2265625 0.580078125 0.1875 0.580078125 0.2265625 0.619140625
0 0.12109375 0.240234375 0.16015625 0.201171875 0.12109375 0.201171875 0.16015625 0.240234375
0 0.818359375 0.83984375 0.857421875 0.80078125 0.818359375 0.80078125 0.857421875 0.83984375
0 0.435546875 0.337890625 0.474609375 0.298828125 0.435546875 0.298828125 0.474609375 0.337890625
0 0.310546875 0.404296875 0.349609375 0.365234375 0.310546875 0.365234375 0.349609375 0.404296875
0 0.287109375 0.9453125 0.326171875 0.90625 0.287109375 0.90625 0.326171875 0.9453125
0 0.568359375 0.521484375 0.607421875 0.482421875 0.568359375 0.482421875 0.607421875 0.521484375
0 0.806640625 0.876953125 0.845703125 0.837890625 0.806640625 0.837890625 0.845703125 0.876953125
0 0.5390625 0.6484375 0.578125 0.609375 0.5390625 0.609375 0.578125 0.6484375
0 0.66796875 0.57421875 0.70703125 0.53515625 0.66796875 0.53515625 0.70703125 0.57421875
0 0.099609375 0.951171875 0.138671875 0.912109375 0.099609375 0.912109375 0.138671875 0.951171875
0 0.576171875 0.853515625 0.615234375 0.814453125 0.576171875 0.814453125 0.615234375 0.853515625
0 0.8671875 0.208984375 0.90625 0.169921875 0.8671875 0.169921875 0.90625 0.208984375
