0 0.466796875 0.76171875 0.505859375 0.72265625 0.466796875 0.72265625 0.505859375 0.76171875
0 0.041015625 0.87890625 0.080078125 0.83984375 0.041015625 0.83984375 0.080078125 0.87890625
0 0.30859375 0.138671875 0.34765625 0.099609375 0.30859375 0.099609375 0.34765625 0.138671875
0 0.451171875 0.689453125 0.490234375 0.650390625 0.451171875 0.650390625 0.490234375 0.689453125
0 0.61328125 0.806640625 0.65234375 0.767578125 0.61328125 0.767578125 0.65234375 0.806640625
0 0.763671875 0.84765625 0.802734375 0.80859375 0.763671875 0.80859375 0.802734375 0.84765625
0 0.583984375 0.78515625 0.623046875 0.74609375 0.583984375 0.74609375 0.623046875 0.78515625
0 0.1328125 0.810546875 0.171875 0.771484375 0.1328125 0.771484375 0.171875 0.810546875
0 0.921875 0.404296875 0.9609375 0.365234375 0.921875 0.365234375 0.9609375 0.404296875
0 0.03125 0.505859375 0.0703125 0.466796875 0.03125 0.466796875 0.0703125 0.505859375
0 0.224609375 0.158203125 0.263671875 0.119140625 0.224609375 0.119140625 0.263671875 0.158203125
0 0.318359375 0.953125 0.357421875 0.9140625 0.318359375 0.9140625 0.357421875 0.953125
