0 0.638671875 0.857421875 0.677734375 0.818359375 0.638671875 0.818359375 0.677734375 0.857421875
0 0.06640625 0.685546875 0.10546875 0.646484375 0.06640625 0.646484375 0.10546875 0.685546875
0 0.1796875 0.82421875 0.21875 0.78515625 0.1796875 0.78515625 0.21875 0.82421875
0 0.78125 0.20703125 0.8203125 0.16796875 0.78125 0.16796875 0.8203125 0.20703125
0 0.796875 0.1796875 0.8359375 0.140625 0.796875 0.140625 0.8359375 0.1796875
0 0.12890625 0.310546875 0.16796875 0.271484375 0.12890625 0.271484375 0.16796875 0.310546875
0 0.388671875 0.408203125 0.427734375 0.369140625 0.388671875 0.369140625 0.427734375 0.408203125
0 0.388671875 0.33203125 0.427734375 0.29296875 0.388671875 0.29296875 0.427734375 0.33203125
0 0.326171875 0.740234375 0.365234375 0.701171875 0.326171875 0.701171875 0.365234375 0.740234375
0 0.681640625 0.84765625 0.720703125 0.80859375 0.681640625 0.80859375 0.720703125 0.84765625
0 0.669921875 0.845703125 0.708984375 0.806640625 0.669921875 0.806640625 0.708984375 0.845703125
0 0.693359375 0.142578125 0.732421875 0.103515625 0.693359375 0.103515625 0.732421875 0.142578125
0 0.400390625 0.48046875 0.439453125 0.44140625 0.400390625 0.44140625 0.439453125 0.48046875
