0 0.0859375 0.203125 0.125 0.1640625 0.0859375 0.1640625 0.125 0.203125
0 0.900390625 0.83203125 0.939453125 0.79296875 0.900390625 0.79296875 0.939453125 0.83203125
0 0.638671875 0.49609375 0.677734375 0.45703125 0.638671875 0.45703125 0.677734375 0.49609375
0 0.029296875 0.15234375 0.068359375 0.11328125 0.029296875 0.11328125 0.068359375 0.15234375
0 0.271484375 0.275390625 0.310546875 0.236328125 0.271484375 0.236328125 0.310546875 0.275390625
0 0.05859375 0.244140625 0.09765625 0.205078125 0.05859375 0.205078125 0.09765625 0.244140625
0 0.0390625 0.60546875 0.078125 0.56640625 0.0390625 0.56640625 0.078125 0.60546875
0 0.84375 0.3984375 0.8828125 0.359375 0.84375 0.359375 0.8828125 0.3984375
0 0.615234375 0.0703125 0.654296875 0.03125 0.615234375 0.03125 0.654296875 0.0703125
0 0.130859375 0.30859375 0.169921875 0.26953125 0.130859375 0.26953125 0.169921875 0.30859375
0 0.203125 0.8515625 0.2421875 0.8125 0.203125 0.8125 0.2421875 0.8515625
