0 0.072265625 0.654296875 0.111328125 0.615234375 0.072265625 0.615234375 0.111328125 0.654296875
0 0.419921875 0.27734375 0.458984375 0.23828125 0.419921875 0.23828125 0.458984375 0.27734375
0 0.41796875 0.830078125 0.45703125 0.791015625 0.41796875 0.791015625 0.45703125 0.830078125
0 0.322265625 0.298828125 0.361328125 0.259765625 0.322265625 0.259765625 0.361328125 0.298828125
0 0.154296875 0.693359375 0.193359375 0.654296875 0.154296875 0.654296875 0.193359375 0.693359375
0 0.546875 0.53515625 0.5859375 0.49609375 0.546875 0.49609375 0.5859375 0.53515625
0 0.830078125 0.529296875 0.869140625 0.490234375 0.830078125 0.490234375 0.869140625 0.529296875
0 0.71484375 0.66796875 0.75390625 0.62890625 0.71484375 0.62890625 0.75390625 0.66796875
0 0.765625 0.705078125 0.8046875 0.666015625 0.765625 0.666015625 0.8046875 0.705078125
0 0.544921875 0.30859375 0.583984375 0.26953125 0.544921875 0.26953125 0.583984375 0.30859375
0 0.82421875 0.544921875 0.86328125 0.505859375 0.82421875 0.505859375 0.86328125 0.544921875
0 0.671875 0.72265625 0.7109375 0.68359375 0.671875 0.68359375 0.7109375 0.72265625
