0 0.66796875 0.87109375 0.70703125 0.83203125 0.66796875 0.83203125 0.70703125 0.87109375
0 0.794921875 0.134765625 0.833984375 0.095703125 0.794921875 0.095703125 0.833984375 0.134765625
0 0.240234375 0.548828125 0.279296875 0.509765625 0.240234375 0.509765625 0.279296875 0.548828125
0 0.42578125 0.888671875 0.46484375 0.849609375 0.42578125 0.849609375 0.46484375 0.888671875
0 0.4921875 0.44140625 0.53125 0.40234375 0.4921875 0.40234375 0.53125 0.44140625
0 0.087890625 0.24609375 0.126953125 0.20703125 0.087890625 0.20703125 0.126953125 0.24609375
0 0.275390625 0.494140625 0.314453125 0.455078125 0.275390625 0.455078125 0.314453125 0.494140625
0 0.6953125 0.548828125 0.734375 0.509765625 0.6953125 0.509765625 0.734375 0.548828125
0 0.4375 0.66015625 0.4765625 0.62109375 0.4375 0.62109375 0.4765625 0.66015625
0 0.66796875 0.703125 0.70703125 0.6640625 0.66796875 0.6640625 0.70703125 0.703125
0 0.5 0.669921875 0.5390625 0.630859375 0.5 0.630859375 0.5390625 0.669921875
0 0.443359375 0.625 0.482421875 0.5859375 0.443359375 0.5859375 0.482421875 0.625
