0 0.900390625 0.490234375 0.939453125 0.451171875 0.900390625 0.451171875 0.939453125 0.490234375
0 0.802734375 0.291015625 0.841796875 0.251953125 0.802734375 0.251953125 0.841796875 0.291015625
0 0.404296875 0.96484375 0.443359375 0.92578125 0.404296875 0.92578125 0.443359375 0.96484375
0 0.80859375 0.712890625 0.84765625 0.673828125 0.80859375 0.673828125 0.84765625 0.712890625
0 0.521484375 0.69140625 0.560546875 0.65234375 0.521484375 0.65234375 0.560546875 0.69140625
0 0.318359375 0.79296875 0.357421875 0.75390625 0.318359375 0.75390625 0.357421875 0.79296875
0 0.201171875 0.826171875 0.240234375 0.787109375 0.201171875 0.787109375 0.240234375 0.826171875
0 0.86328125 0.193359375 0.90234375 0.154296875 0.86328125 0.154296875 0.90234375 0.193359375
0 0.46875 0.861328125 0.5078125 0.822265625 0.46875 0.822265625 0.5078125 0.861328125
0 0.083984375 0.921875 0.123046875 0.8828125 0.083984375 0.8828125 0.123046875 0.921875
0 0.1484375 0.943359375 0.1875 0.904296875 0.1484375 0.904296875 0.1875 0.943359375
0 0.5234375 0.22265625 0.5625 0.18359375 0.5234375 0.18359375 0.5625 0.22265625
