0 0.125 0.955078125 0.1640625 0.916015625 0.125 0.916015625 0.1640625 0.955078125
0 0.146484375 0.517578125 0.185546875 0.478515625 0.146484375 0.478515625 0.185546875 0.517578125
0 0.875 0.10546875 0.9140625 0.06640625 0.875 0.06640625 0.9140625 0.10546875
0 0.53125 0.71484375 0.5703125 0.67578125 0.53125 0.67578125 0.5703125 0.71484375
0 0.251953125 0.158203125 0.291015625 0.119140625 0.251953125 0.119140625 0.291015625 0.158203125
0 0.669921875 0.439453125 0.708984375 0.400390625 0.669921875 0.400390625 0.708984375 0.439453125
0 0.126953125 0.47265625 0.166015625 0.43359375 0.126953125 0.43359375 0.166015625 0.47265625
0 0.099609375 0.857421875 0.138671875 0.818359375 0.099609375 0.818359375 0.138671875 0.857421875
0 0.3515625 0.818359375 0.390625 0.779296875 0.3515625 0.779296875 0.390625 0.818359375
0 0.623046875 0.333984375 0.662109375 0.294921875 0.623046875 0.294921875 0.662109375 0.333984375
